 -5.3753402667608972e-004,
 -5.3753402667608972e-004,
 -2.5327567392680632e-003,
 -2.5327567392680632e-003,
 -7.0344772518189467e-003,
 -7.0344772518189467e-003,
 -1.4027456664482484e-002,
 -1.4027456664482484e-002,
 -2.1068989623256283e-002,
 -2.1068989623256283e-002,
 -2.2733038497365785e-002,
 -2.2733038497365785e-002,
 -1.1943531301891172e-002,
 -1.1943531301891172e-002,
  1.6693442770762311e-002,
  1.6693442770762311e-002,
  6.2935904654131111e-002,
  6.2935904654131111e-002,
  1.1870920142579883e-001,
  1.1870920142579883e-001,
  1.6960287933255647e-001,
  1.6960287933255647e-001,
  2.0007719486855835e-001,
  2.0007719486855835e-001,
  2.0007719486855835e-001,
  2.0007719486855835e-001,
  1.6960287933255647e-001,
  1.6960287933255647e-001,
  1.1870920142579883e-001,
  1.1870920142579883e-001,
  6.2935904654131111e-002,
  6.2935904654131111e-002,
  1.6693442770762311e-002,
  1.6693442770762311e-002,
 -1.1943531301891172e-002,
 -1.1943531301891172e-002,
 -2.2733038497365785e-002,
 -2.2733038497365785e-002,
 -2.1068989623256283e-002,
 -2.1068989623256283e-002,
 -1.4027456664482484e-002,
 -1.4027456664482484e-002,
 -7.0344772518189467e-003,
 -7.0344772518189467e-003,
 -2.5327567392680632e-003,
 -2.5327567392680632e-003,
 -5.3753402667608972e-004,
 -5.3753402667608972e-004
