-4.1998253232616969e-004,
-4.1998253232616969e-004,
-1.8931520956972732e-003,
-1.8931520956972732e-003,
-5.0249189805992934e-003,
-5.0249189805992934e-003,
-9.4312567982239408e-003,
-9.4312567982239408e-003,
-1.2756719515891329e-002,
-1.2756719515891329e-002,
-1.0417719736773563e-002,
-1.0417719736773563e-002,
3.1548779349864441e-003,
3.1548779349864441e-003,
3.1797961674118212e-002,
3.1797961674118212e-002,
7.4571523431214454e-002,
7.4571523431214454e-002,
1.2422633183538560e-001,
1.2422633183538560e-001,
1.6860604540060797e-001,
1.6860604540060797e-001,
1.9489864314549166e-001,
1.9489864314549166e-001,
1.9489864314549166e-001,
1.9489864314549166e-001,
1.6860604540060797e-001,
1.6860604540060797e-001,
1.2422633183538560e-001,
1.2422633183538560e-001,
7.4571523431214454e-002,
7.4571523431214454e-002,
3.1797961674118212e-002,
3.1797961674118212e-002,
3.1548779349864441e-003,
3.1548779349864441e-003,
-1.0417719736773563e-002,
-1.0417719736773563e-002,
-1.2756719515891329e-002,
-1.2756719515891329e-002,
-9.4312567982239408e-003,
-9.4312567982239408e-003,
-5.0249189805992934e-003,
-5.0249189805992934e-003,
-1.8931520956972732e-003,
-1.8931520956972732e-003,
-4.1998253232616969e-004,
-4.1998253232616969e-004,
