1.1073366653696977e-003,
1.1073366653696977e-003,
9.2948077794285308e-003,
9.2948077794285308e-003,
3.7052066434197013e-002,
3.7052066434197013e-002,
9.3620492144696810e-002,
9.3620492144696810e-002,
1.6695608829028066e-001,
1.6695608829028066e-001,
2.2071977257829592e-001,
2.2071977257829592e-001,
2.2071977257829592e-001,
2.2071977257829592e-001,
1.6695608829028066e-001,
1.6695608829028066e-001,
9.3620492144696810e-002,
9.3620492144696810e-002,
3.7052066434197013e-002,
3.7052066434197013e-002,
9.2948077794285308e-003,
9.2948077794285308e-003,
1.1073366653696977e-003,
1.1073366653696977e-003
