1.00000000000000e+000
0.00000000000000e+000
9.99995293809576e-001
3.06795676296598e-003
9.99981175282601e-001
6.13588464915448e-003
9.99957644551964e-001
9.20375478205982e-003
9.99924701839145e-001
1.22715382857199e-002
9.99882347454213e-001
1.53392062849881e-002
9.99830581795823e-001
1.84067299058048e-002
9.99769405351215e-001
2.14740802754695e-002
9.99698818696204e-001
2.45412285229123e-002
9.99618822495179e-001
2.76081457789657e-002
9.99529417501093e-001
3.06748031766366e-002
9.99430604555462e-001
3.37411718513776e-002
9.99322384588350e-001
3.68072229413588e-002
9.99204758618364e-001
3.98729275877398e-002
9.99077727752645e-001
4.29382569349408e-002
9.98941293186857e-001
4.60031821309146e-002
9.98795456205172e-001
4.90676743274180e-002
9.98640218180265e-001
5.21317046802833e-002
9.98475580573295e-001
5.51952443496899e-002
9.98301544933893e-001
5.82582645004358e-002
9.98118112900149e-001
6.13207363022086e-002
9.97925286198596e-001
6.43826309298575e-002
9.97723066644192e-001
6.74439195636641e-002
9.97511456140303e-001
7.05045733896139e-002
9.97290456678690e-001
7.35645635996674e-002
9.97060070339483e-001
7.66238613920315e-002
9.96820299291166e-001
7.96824379714301e-002
9.96571145790555e-001
8.27402645493757e-002
9.96312612182778e-001
8.57973123444399e-002
9.96044700901252e-001
8.88535525825246e-002
9.95767414467660e-001
9.19089564971327e-002
9.95480755491927e-001
9.49634953296390e-002
9.95184726672197e-001
9.80171403295606e-002
9.94879330794806e-001
1.01069862754828e-001
9.94564570734255e-001
1.04121633872055e-001
9.94240449453188e-001
1.07172424956809e-001
9.93906970002356e-001
1.10222207293883e-001
9.93564135520595e-001
1.13270952177564e-001
9.93211949234795e-001
1.16318630911905e-001
9.92850414459865e-001
1.19365214810991e-001
9.92479534598710e-001
1.22410675199216e-001
9.92099313142192e-001
1.25454983411546e-001
9.91709753669100e-001
1.28498110793793e-001
9.91310859846115e-001
1.31540028702883e-001
9.90902635427780e-001
1.34580708507126e-001
9.90485084256457e-001
1.37620121586486e-001
9.90058210262297e-001
1.40658239332849e-001
9.89622017463201e-001
1.43695033150294e-001
9.89176509964781e-001
1.46730474455362e-001
9.88721691960324e-001
1.49764534677322e-001
9.88257567730749e-001
1.52797185258443e-001
9.87784141644572e-001
1.55828397654265e-001
9.87301418157858e-001
1.58858143333861e-001
9.86809401814186e-001
1.61886393780112e-001
9.86308097244599e-001
1.64913120489970e-001
9.85797509167567e-001
1.67938294974731e-001
9.85277642388941e-001
1.70961888760301e-001
9.84748501801904e-001
1.73983873387464e-001
9.84210092386929e-001
1.77004220412149e-001
9.83662419211730e-001
1.80022901405700e-001
9.83105487431216e-001
1.83039887955141e-001
9.82539302287441e-001
1.86055151663447e-001
9.81963869109555e-001
1.89068664149806e-001
9.81379193313755e-001
1.92080397049892e-001
9.80785280403230e-001
1.95090322016128e-001
9.80182135968117e-001
1.98098410717954e-001
9.79569765685441e-001
2.01104634842092e-001
9.78948175319062e-001
2.04108966092817e-001
9.78317370719628e-001
2.07111376192219e-001
9.77677357824510e-001
2.10111836880470e-001
9.77028142657754e-001
2.13110319916091e-001
9.76369731330021e-001
2.16106797076220e-001
9.75702130038529e-001
2.19101240156870e-001
9.75025345066994e-001
2.22093620973204e-001
9.74339382785576e-001
2.25083911359793e-001
9.73644249650812e-001
2.28072083170886e-001
9.72939952205560e-001
2.31058108280671e-001
9.72226497078936e-001
2.34041958583543e-001
9.71503890986252e-001
2.37023605994367e-001
9.70772140728950e-001
2.40003022448742e-001
9.70031253194544e-001
2.42980179903264e-001
9.69281235356549e-001
2.45955050335795e-001
9.68522094274417e-001
2.48927605745720e-001
9.67753837093476e-001
2.51897818154217e-001
9.66976471044852e-001
2.54865659604515e-001
9.66190003445413e-001
2.57831102162159e-001
9.65394441697689e-001
2.60794117915276e-001
9.64589793289813e-001
2.63754678974831e-001
9.63776065795440e-001
2.66712757474898e-001
9.62953266873684e-001
2.69668325572915e-001
9.62121404269042e-001
2.72621355449949e-001
9.61280485811321e-001
2.75571819310958e-001
9.60430519415566e-001
2.78519689385053e-001
9.59571513081985e-001
2.81464937925758e-001
9.58703474895872e-001
2.84407537211272e-001
9.57826413027533e-001
2.87347459544730e-001
9.56940335732209e-001
2.90284677254462e-001
9.56045251349996e-001
2.93219162694259e-001
9.55141168305771e-001
2.96150888243624e-001
9.54228095109106e-001
2.99079826308040e-001
9.53306040354194e-001
3.02005949319228e-001
9.52375012719766e-001
3.04929229735402e-001
9.51435020969008e-001
3.07849640041535e-001
9.50486073949482e-001
3.10767152749611e-001
9.49528180593037e-001
3.13681740398892e-001
9.48561349915730e-001
3.16593375556166e-001
9.47585591017741e-001
3.19502030816016e-001
9.46600913083284e-001
3.22407678801070e-001
9.45607325380521e-001
3.25310292162263e-001
9.44604837261480e-001
3.28209843579093e-001
9.43593458161960e-001
3.31106305759876e-001
9.42573197601447e-001
3.33999651442009e-001
9.41544065183021e-001
3.36889853392220e-001
9.40506070593268e-001
3.39776884406827e-001
9.39459223602190e-001
3.42660717311994e-001
9.38403534063108e-001
3.45541324963989e-001
9.37339011912575e-001
3.48418680249435e-001
9.36265667170278e-001
3.51292756085567e-001
9.35183509938948e-001
3.54163525420490e-001
9.34092550404259e-001
3.57030961233430e-001
9.32992798834739e-001
3.59895036534988e-001
9.31884265581668e-001
3.62755724367397e-001
9.30766961078984e-001
3.65612997804774e-001
9.29640895843181e-001
3.68466829953372e-001
9.28506080473216e-001
3.71317193951838e-001
9.27362525650401e-001
3.74164062971458e-001
9.26210242138311e-001
3.77007410216418e-001
9.25049240782678e-001
3.79847208924051e-001
9.23879532511287e-001
3.82683432365090e-001
9.22701128333879e-001
3.85516053843919e-001
9.21514039342042e-001
3.88345046698826e-001
9.20318276709111e-001
3.91170384302254e-001
9.19113851690058e-001
3.93992040061048e-001
9.17900775621391e-001
3.96809987416710e-001
9.16679059921043e-001
3.99624199845647e-001
9.15448716088268e-001
4.02434650859418e-001
9.14209755703531e-001
4.05241314004990e-001
9.12962190428398e-001
4.08044162864979e-001
9.11706032005430e-001
4.10843171057904e-001
9.10441292258067e-001
4.13638312238435e-001
9.09167983090522e-001
4.16429560097637e-001
9.07886116487666e-001
4.19216888363224e-001
9.06595704514915e-001
4.22000270799800e-001
9.05296759318119e-001
4.24779681209109e-001
9.03989293123443e-001
4.27555093430282e-001
9.02673318237259e-001
4.30326481340083e-001
9.01348847046022e-001
4.33093818853152e-001
9.00015892016160e-001
4.35857079922255e-001
8.98674465693954e-001
4.38616238538528e-001
8.97324580705418e-001
4.41371268731717e-001
8.95966249756185e-001
4.44122144570429e-001
8.94599485631383e-001
4.46868840162374e-001
8.93224301195515e-001
4.49611329654607e-001
8.91840709392343e-001
4.52349587233771e-001
8.90448723244758e-001
4.55083587126344e-001
8.89048355854665e-001
4.57813303598877e-001
8.87639620402854e-001
4.60538710958240e-001
8.86222530148881e-001
4.63259783551860e-001
8.84797098430938e-001
4.65976495767966e-001
8.83363338665732e-001
4.68688822035828e-001
8.81921264348355e-001
4.71396736825998e-001
8.80470889052161e-001
4.74100214650550e-001
8.79012226428634e-001
4.76799230063322e-001
8.77545290207261e-001
4.79493757660153e-001
8.76070094195407e-001
4.82183772079123e-001
8.74586652278176e-001
4.84869248000791e-001
8.73094978418290e-001
4.87550160148436e-001
8.71595086655951e-001
4.90226483288291e-001
8.70086991108711e-001
4.92898192229784e-001
8.68570705971341e-001
4.95565261825773e-001
8.67046245515693e-001
4.98227666972782e-001
8.65513624090569e-001
5.00885382611241e-001
8.63972856121587e-001
5.03538383725718e-001
8.62423956111041e-001
5.06186645345155e-001
8.60866938637767e-001
5.08830142543107e-001
8.59301818357008e-001
5.11468850437970e-001
8.57728610000272e-001
5.14102744193222e-001
8.56147328375194e-001
5.16731799017650e-001
8.54557988365401e-001
5.19355990165590e-001
8.52960604930364e-001
5.21975292937154e-001
8.51355193105265e-001
5.24589682678469e-001
8.49741768000853e-001
5.27199134781901e-001
8.48120344803297e-001
5.29803624686295e-001
8.46490938774052e-001
5.32403127877198e-001
8.44853565249707e-001
5.34997619887097e-001
8.43208239641845e-001
5.37587076295645e-001
8.41554977436898e-001
5.40171472729893e-001
8.39893794196000e-001
5.42750784864516e-001
8.38224705554838e-001
5.45324988422046e-001
8.36547727223512e-001
5.47894059173100e-001
8.34862874986380e-001
5.50457972936605e-001
8.33170164701913e-001
5.53016705580027e-001
8.31469612302545e-001
5.55570233019602e-001
8.29761233794523e-001
5.58118531220556e-001
8.28045045257756e-001
5.60661576197336e-001
8.26321062845664e-001
5.63199344013834e-001
8.24589302785025e-001
5.65731810783613e-001
8.22849781375826e-001
5.68258952670131e-001
8.21102514991105e-001
5.70780745886967e-001
8.19347520076797e-001
5.73297166698042e-001
8.17584813151584e-001
5.75808191417845e-001
8.15814410806734e-001
5.78313796411656e-001
8.14036329705948e-001
5.80813958095765e-001
8.12250586585204e-001
5.83308652937698e-001
8.10457198252595e-001
5.85797857456439e-001
8.08656181588175e-001
5.88281548222645e-001
8.06847553543799e-001
5.90759701858874e-001
8.05031331142964e-001
5.93232295039800e-001
8.03207531480645e-001
5.95699304492433e-001
8.01376171723140e-001
5.98160706996342e-001
7.99537269107905e-001
6.00616479383869e-001
7.97690840943391e-001
6.03066598540348e-001
7.95836904608884e-001
6.05511041404326e-001
7.93975477554337e-001
6.07949784967774e-001
7.92106577300212e-001
6.10382806276309e-001
7.90230221437310e-001
6.12810082429410e-001
7.88346427626606e-001
6.15231590580627e-001
7.86455213599086e-001
6.17647307937804e-001
7.84556597155575e-001
6.20057211763289e-001
7.82650596166576e-001
6.22461279374150e-001
7.80737228572094e-001
6.24859488142386e-001
7.78816512381476e-001
6.27251815495144e-001
7.76888465673232e-001
6.29638238914927e-001
7.74953106594874e-001
6.32018735939809e-001
7.73010453362737e-001
6.34393284163645e-001
7.71060524261814e-001
6.36761861236284e-001
7.69103337645580e-001
6.39124444863776e-001
7.67138911935820e-001
6.41481012808583e-001
7.65167265622459e-001
6.43831542889791e-001
7.63188417263381e-001
6.46176012983316e-001
7.61202385484262e-001
6.48514401022112e-001
7.59209188978388e-001
6.50846684996381e-001
7.57208846506485e-001
6.53172842953777e-001
7.55201376896537e-001
6.55492852999615e-001
7.53186799043613e-001
6.57806693297079e-001
7.51165131909686e-001
6.60114342067420e-001
7.49136394523459e-001
6.62415777590172e-001
7.47100605980180e-001
6.64710978203345e-001
7.45057785441466e-001
6.66999922303637e-001
7.43007952135122e-001
6.69282588346636e-001
7.40951125354959e-001
6.71558954847018e-001
7.38887324460615e-001
6.73829000378756e-001
7.36816568877370e-001
6.76092703575316e-001
7.34738878095964e-001
6.78350043129861e-001
7.32654271672413e-001
6.80600997795453e-001
7.30562769227828e-001
6.82845546385248e-001
7.28464390448225e-001
6.85083667772700e-001
7.26359155084346e-001
6.87315340891759e-001
7.24247082951467e-001
6.89540544737067e-001
7.22128193929215e-001
6.91759258364158e-001
7.20002507961382e-001
6.93971460889654e-001
7.17870045055732e-001
6.96177131491463e-001
7.15730825283819e-001
6.98376249408973e-001
7.13584868780794e-001
7.00568793943248e-001
7.11432195745216e-001
7.02754744457225e-001
7.09272826438866e-001
7.04934080375905e-001
7.07106781186548e-001
7.07106781186547e-001
7.04934080375905e-001
7.09272826438866e-001
7.02754744457225e-001
7.11432195745216e-001
7.00568793943248e-001
7.13584868780794e-001
6.98376249408973e-001
7.15730825283819e-001
6.96177131491463e-001
7.17870045055732e-001
6.93971460889654e-001
7.20002507961382e-001
6.91759258364158e-001
7.22128193929215e-001
6.89540544737067e-001
7.24247082951467e-001
6.87315340891759e-001
7.26359155084346e-001
6.85083667772700e-001
7.28464390448225e-001
6.82845546385248e-001
7.30562769227828e-001
6.80600997795453e-001
7.32654271672413e-001
6.78350043129862e-001
7.34738878095963e-001
6.76092703575316e-001
7.36816568877370e-001
6.73829000378756e-001
7.38887324460615e-001
6.71558954847018e-001
7.40951125354959e-001
6.69282588346636e-001
7.43007952135122e-001
6.66999922303637e-001
7.45057785441466e-001
6.64710978203345e-001
7.47100605980180e-001
6.62415777590172e-001
7.49136394523459e-001
6.60114342067420e-001
7.51165131909686e-001
6.57806693297079e-001
7.53186799043612e-001
6.55492852999615e-001
7.55201376896537e-001
6.53172842953777e-001
7.57208846506484e-001
6.50846684996381e-001
7.59209188978388e-001
6.48514401022113e-001
7.61202385484262e-001
6.46176012983316e-001
7.63188417263381e-001
6.43831542889792e-001
7.65167265622459e-001
6.41481012808583e-001
7.67138911935820e-001
6.39124444863776e-001
7.69103337645580e-001
6.36761861236284e-001
7.71060524261814e-001
6.34393284163645e-001
7.73010453362737e-001
6.32018735939809e-001
7.74953106594874e-001
6.29638238914927e-001
7.76888465673232e-001
6.27251815495144e-001
7.78816512381476e-001
6.24859488142386e-001
7.80737228572094e-001
6.22461279374150e-001
7.82650596166576e-001
6.20057211763289e-001
7.84556597155575e-001
6.17647307937804e-001
7.86455213599086e-001
6.15231590580627e-001
7.88346427626606e-001
6.12810082429410e-001
7.90230221437310e-001
6.10382806276309e-001
7.92106577300212e-001
6.07949784967774e-001
7.93975477554337e-001
6.05511041404326e-001
7.95836904608883e-001
6.03066598540348e-001
7.97690840943391e-001
6.00616479383869e-001
7.99537269107905e-001
5.98160706996342e-001
8.01376171723140e-001
5.95699304492433e-001
8.03207531480645e-001
5.93232295039800e-001
8.05031331142964e-001
5.90759701858874e-001
8.06847553543799e-001
5.88281548222645e-001
8.08656181588175e-001
5.85797857456439e-001
8.10457198252595e-001
5.83308652937698e-001
8.12250586585204e-001
5.80813958095765e-001
8.14036329705948e-001
5.78313796411656e-001
8.15814410806734e-001
5.75808191417845e-001
8.17584813151584e-001
5.73297166698042e-001
8.19347520076797e-001
5.70780745886967e-001
8.21102514991105e-001
5.68258952670131e-001
8.22849781375826e-001
5.65731810783613e-001
8.24589302785025e-001
5.63199344013834e-001
8.26321062845663e-001
5.60661576197336e-001
8.28045045257756e-001
5.58118531220556e-001
8.29761233794523e-001
5.55570233019602e-001
8.31469612302545e-001
5.53016705580028e-001
8.33170164701913e-001
5.50457972936605e-001
8.34862874986380e-001
5.47894059173100e-001
8.36547727223512e-001
5.45324988422046e-001
8.38224705554838e-001
5.42750784864516e-001
8.39893794195999e-001
5.40171472729893e-001
8.41554977436898e-001
5.37587076295646e-001
8.43208239641845e-001
5.34997619887097e-001
8.44853565249707e-001
5.32403127877198e-001
8.46490938774052e-001
5.29803624686295e-001
8.48120344803297e-001
5.27199134781901e-001
8.49741768000852e-001
5.24589682678469e-001
8.51355193105265e-001
5.21975292937154e-001
8.52960604930364e-001
5.19355990165590e-001
8.54557988365401e-001
5.16731799017650e-001
8.56147328375194e-001
5.14102744193222e-001
8.57728610000272e-001
5.11468850437971e-001
8.59301818357008e-001
5.08830142543107e-001
8.60866938637767e-001
5.06186645345155e-001
8.62423956111041e-001
5.03538383725718e-001
8.63972856121587e-001
5.00885382611241e-001
8.65513624090569e-001
4.98227666972782e-001
8.67046245515693e-001
4.95565261825772e-001
8.68570705971341e-001
4.92898192229784e-001
8.70086991108711e-001
4.90226483288291e-001
8.71595086655951e-001
4.87550160148436e-001
8.73094978418290e-001
4.84869248000791e-001
8.74586652278176e-001
4.82183772079123e-001
8.76070094195407e-001
4.79493757660153e-001
8.77545290207261e-001
4.76799230063322e-001
8.79012226428633e-001
4.74100214650550e-001
8.80470889052161e-001
4.71396736825998e-001
8.81921264348355e-001
4.68688822035828e-001
8.83363338665732e-001
4.65976495767966e-001
8.84797098430938e-001
4.63259783551860e-001
8.86222530148881e-001
4.60538710958240e-001
8.87639620402854e-001
4.57813303598877e-001
8.89048355854665e-001
4.55083587126344e-001
8.90448723244758e-001
4.52349587233771e-001
8.91840709392343e-001
4.49611329654607e-001
8.93224301195515e-001
4.46868840162374e-001
8.94599485631383e-001
4.44122144570429e-001
8.95966249756185e-001
4.41371268731717e-001
8.97324580705418e-001
4.38616238538528e-001
8.98674465693954e-001
4.35857079922255e-001
9.00015892016160e-001
4.33093818853152e-001
9.01348847046022e-001
4.30326481340083e-001
9.02673318237259e-001
4.27555093430282e-001
9.03989293123443e-001
4.24779681209109e-001
9.05296759318119e-001
4.22000270799800e-001
9.06595704514915e-001
4.19216888363224e-001
9.07886116487666e-001
4.16429560097637e-001
9.09167983090522e-001
4.13638312238435e-001
9.10441292258067e-001
4.10843171057904e-001
9.11706032005430e-001
4.08044162864979e-001
9.12962190428398e-001
4.05241314004990e-001
9.14209755703531e-001
4.02434650859419e-001
9.15448716088268e-001
3.99624199845647e-001
9.16679059921043e-001
3.96809987416710e-001
9.17900775621390e-001
3.93992040061048e-001
9.19113851690058e-001
3.91170384302254e-001
9.20318276709110e-001
3.88345046698826e-001
9.21514039342042e-001
3.85516053843919e-001
9.22701128333879e-001
3.82683432365090e-001
9.23879532511287e-001
3.79847208924051e-001
9.25049240782678e-001
3.77007410216418e-001
9.26210242138311e-001
3.74164062971458e-001
9.27362525650401e-001
3.71317193951838e-001
9.28506080473215e-001
3.68466829953372e-001
9.29640895843181e-001
3.65612997804774e-001
9.30766961078984e-001
3.62755724367397e-001
9.31884265581668e-001
3.59895036534988e-001
9.32992798834739e-001
3.57030961233430e-001
9.34092550404259e-001
3.54163525420491e-001
9.35183509938948e-001
3.51292756085567e-001
9.36265667170278e-001
3.48418680249435e-001
9.37339011912575e-001
3.45541324963989e-001
9.38403534063108e-001
3.42660717311994e-001
9.39459223602190e-001
3.39776884406827e-001
9.40506070593268e-001
3.36889853392220e-001
9.41544065183021e-001
3.33999651442009e-001
9.42573197601447e-001
3.31106305759876e-001
9.43593458161960e-001
3.28209843579093e-001
9.44604837261480e-001
3.25310292162263e-001
9.45607325380521e-001
3.22407678801070e-001
9.46600913083284e-001
3.19502030816016e-001
9.47585591017741e-001
3.16593375556166e-001
9.48561349915730e-001
3.13681740398892e-001
9.49528180593037e-001
3.10767152749611e-001
9.50486073949482e-001
3.07849640041535e-001
9.51435020969008e-001
3.04929229735402e-001
9.52375012719766e-001
3.02005949319228e-001
9.53306040354194e-001
2.99079826308040e-001
9.54228095109106e-001
2.96150888243624e-001
9.55141168305771e-001
2.93219162694259e-001
9.56045251349996e-001
2.90284677254462e-001
9.56940335732209e-001
2.87347459544730e-001
9.57826413027533e-001
2.84407537211272e-001
9.58703474895872e-001
2.81464937925758e-001
9.59571513081985e-001
2.78519689385053e-001
9.60430519415566e-001
2.75571819310958e-001
9.61280485811321e-001
2.72621355449949e-001
9.62121404269042e-001
2.69668325572915e-001
9.62953266873684e-001
2.66712757474898e-001
9.63776065795440e-001
2.63754678974832e-001
9.64589793289813e-001
2.60794117915276e-001
9.65394441697689e-001
2.57831102162159e-001
9.66190003445413e-001
2.54865659604515e-001
9.66976471044852e-001
2.51897818154217e-001
9.67753837093476e-001
2.48927605745720e-001
9.68522094274417e-001
2.45955050335795e-001
9.69281235356549e-001
2.42980179903264e-001
9.70031253194544e-001
2.40003022448742e-001
9.70772140728950e-001
2.37023605994367e-001
9.71503890986252e-001
2.34041958583543e-001
9.72226497078936e-001
2.31058108280671e-001
9.72939952205560e-001
2.28072083170886e-001
9.73644249650812e-001
2.25083911359793e-001
9.74339382785576e-001
2.22093620973204e-001
9.75025345066994e-001
2.19101240156870e-001
9.75702130038529e-001
2.16106797076220e-001
9.76369731330021e-001
2.13110319916091e-001
9.77028142657754e-001
2.10111836880470e-001
9.77677357824510e-001
2.07111376192219e-001
9.78317370719628e-001
2.04108966092817e-001
9.78948175319062e-001
2.01104634842092e-001
9.79569765685441e-001
1.98098410717954e-001
9.80182135968117e-001
1.95090322016128e-001
9.80785280403230e-001
1.92080397049892e-001
9.81379193313755e-001
1.89068664149806e-001
9.81963869109555e-001
1.86055151663447e-001
9.82539302287441e-001
1.83039887955141e-001
9.83105487431216e-001
1.80022901405700e-001
9.83662419211730e-001
1.77004220412149e-001
9.84210092386929e-001
1.73983873387464e-001
9.84748501801904e-001
1.70961888760301e-001
9.85277642388941e-001
1.67938294974731e-001
9.85797509167567e-001
1.64913120489970e-001
9.86308097244599e-001
1.61886393780112e-001
9.86809401814185e-001
1.58858143333861e-001
9.87301418157858e-001
1.55828397654265e-001
9.87784141644572e-001
1.52797185258443e-001
9.88257567730749e-001
1.49764534677322e-001
9.88721691960324e-001
1.46730474455362e-001
9.89176509964781e-001
1.43695033150295e-001
9.89622017463201e-001
1.40658239332849e-001
9.90058210262297e-001
1.37620121586486e-001
9.90485084256457e-001
1.34580708507126e-001
9.90902635427780e-001
1.31540028702883e-001
9.91310859846115e-001
1.28498110793793e-001
9.91709753669100e-001
1.25454983411546e-001
9.92099313142192e-001
1.22410675199216e-001
9.92479534598710e-001
1.19365214810991e-001
9.92850414459865e-001
1.16318630911905e-001
9.93211949234795e-001
1.13270952177564e-001
9.93564135520595e-001
1.10222207293883e-001
9.93906970002356e-001
1.07172424956809e-001
9.94240449453188e-001
1.04121633872055e-001
9.94564570734255e-001
1.01069862754828e-001
9.94879330794806e-001
9.80171403295608e-002
9.95184726672197e-001
9.49634953296391e-002
9.95480755491927e-001
9.19089564971327e-002
9.95767414467660e-001
8.88535525825247e-002
9.96044700901252e-001
8.57973123444399e-002
9.96312612182778e-001
8.27402645493758e-002
9.96571145790555e-001
7.96824379714301e-002
9.96820299291166e-001
7.66238613920316e-002
9.97060070339483e-001
7.35645635996675e-002
9.97290456678690e-001
7.05045733896140e-002
9.97511456140303e-001
6.74439195636641e-002
9.97723066644192e-001
6.43826309298574e-002
9.97925286198596e-001
6.13207363022086e-002
9.98118112900149e-001
5.82582645004357e-002
9.98301544933893e-001
5.51952443496900e-002
9.98475580573295e-001
5.21317046802833e-002
9.98640218180265e-001
4.90676743274181e-002
9.98795456205172e-001
4.60031821309146e-002
9.98941293186857e-001
4.29382569349410e-002
9.99077727752645e-001
3.98729275877398e-002
9.99204758618364e-001
3.68072229413590e-002
9.99322384588350e-001
3.37411718513776e-002
9.99430604555462e-001
3.06748031766366e-002
9.99529417501093e-001
2.76081457789658e-002
9.99618822495179e-001
2.45412285229123e-002
9.99698818696204e-001
2.14740802754696e-002
9.99769405351215e-001
1.84067299058048e-002
9.99830581795823e-001
1.53392062849882e-002
9.99882347454213e-001
1.22715382857199e-002
9.99924701839145e-001
9.20375478205996e-003
9.99957644551964e-001
6.13588464915452e-003
9.99981175282601e-001
3.06795676296614e-003
9.99995293809576e-001
6.12303176911189e-017
1.00000000000000e+000
-3.06795676296602e-003
9.99995293809576e-001
-6.13588464915439e-003
9.99981175282601e-001
-9.20375478205984e-003
9.99957644551964e-001
-1.22715382857198e-002
9.99924701839145e-001
-1.53392062849881e-002
9.99882347454213e-001
-1.84067299058047e-002
9.99830581795823e-001
-2.14740802754695e-002
9.99769405351215e-001
-2.45412285229121e-002
9.99698818696204e-001
-2.76081457789657e-002
9.99618822495179e-001
-3.06748031766365e-002
9.99529417501093e-001
-3.37411718513775e-002
9.99430604555462e-001
-3.68072229413589e-002
9.99322384588350e-001
-3.98729275877397e-002
9.99204758618364e-001
-4.29382569349408e-002
9.99077727752645e-001
-4.60031821309145e-002
9.98941293186857e-001
-4.90676743274180e-002
9.98795456205172e-001
-5.21317046802832e-002
9.98640218180265e-001
-5.51952443496899e-002
9.98475580573295e-001
-5.82582645004356e-002
9.98301544933893e-001
-6.13207363022085e-002
9.98118112900149e-001
-6.43826309298573e-002
9.97925286198596e-001
-6.74439195636640e-002
9.97723066644192e-001
-7.05045733896139e-002
9.97511456140303e-001
-7.35645635996673e-002
9.97290456678690e-001
-7.66238613920315e-002
9.97060070339483e-001
-7.96824379714300e-002
9.96820299291166e-001
-8.27402645493757e-002
9.96571145790555e-001
-8.57973123444398e-002
9.96312612182778e-001
-8.88535525825246e-002
9.96044700901252e-001
-9.19089564971326e-002
9.95767414467660e-001
-9.49634953296390e-002
9.95480755491927e-001
-9.80171403295606e-002
9.95184726672197e-001
-1.01069862754828e-001
9.94879330794806e-001
-1.04121633872055e-001
9.94564570734255e-001
-1.07172424956809e-001
9.94240449453188e-001
-1.10222207293883e-001
9.93906970002356e-001
-1.13270952177564e-001
9.93564135520595e-001
-1.16318630911905e-001
9.93211949234795e-001
-1.19365214810991e-001
9.92850414459865e-001
-1.22410675199216e-001
9.92479534598710e-001
-1.25454983411546e-001
9.92099313142192e-001
-1.28498110793793e-001
9.91709753669100e-001
-1.31540028702883e-001
9.91310859846115e-001
-1.34580708507126e-001
9.90902635427780e-001
-1.37620121586486e-001
9.90485084256457e-001
-1.40658239332849e-001
9.90058210262297e-001
-1.43695033150294e-001
9.89622017463201e-001
-1.46730474455362e-001
9.89176509964781e-001
-1.49764534677322e-001
9.88721691960324e-001
-1.52797185258443e-001
9.88257567730749e-001
-1.55828397654265e-001
9.87784141644572e-001
-1.58858143333861e-001
9.87301418157858e-001
-1.61886393780112e-001
9.86809401814186e-001
-1.64913120489970e-001
9.86308097244599e-001
-1.67938294974731e-001
9.85797509167567e-001
-1.70961888760301e-001
9.85277642388941e-001
-1.73983873387464e-001
9.84748501801904e-001
-1.77004220412149e-001
9.84210092386929e-001
-1.80022901405699e-001
9.83662419211730e-001
-1.83039887955141e-001
9.83105487431216e-001
-1.86055151663446e-001
9.82539302287441e-001
-1.89068664149806e-001
9.81963869109555e-001
-1.92080397049892e-001
9.81379193313755e-001
-1.95090322016128e-001
9.80785280403230e-001
-1.98098410717954e-001
9.80182135968117e-001
-2.01104634842092e-001
9.79569765685441e-001
-2.04108966092817e-001
9.78948175319062e-001
-2.07111376192218e-001
9.78317370719628e-001
-2.10111836880470e-001
9.77677357824510e-001
-2.13110319916091e-001
9.77028142657754e-001
-2.16106797076219e-001
9.76369731330021e-001
-2.19101240156870e-001
9.75702130038529e-001
-2.22093620973203e-001
9.75025345066994e-001
-2.25083911359793e-001
9.74339382785576e-001
-2.28072083170886e-001
9.73644249650812e-001
-2.31058108280671e-001
9.72939952205560e-001
-2.34041958583543e-001
9.72226497078936e-001
-2.37023605994367e-001
9.71503890986252e-001
-2.40003022448741e-001
9.70772140728950e-001
-2.42980179903264e-001
9.70031253194544e-001
-2.45955050335794e-001
9.69281235356549e-001
-2.48927605745720e-001
9.68522094274417e-001
-2.51897818154217e-001
9.67753837093476e-001
-2.54865659604515e-001
9.66976471044852e-001
-2.57831102162159e-001
9.66190003445413e-001
-2.60794117915275e-001
9.65394441697689e-001
-2.63754678974831e-001
9.64589793289813e-001
-2.66712757474898e-001
9.63776065795440e-001
-2.69668325572915e-001
9.62953266873684e-001
-2.72621355449949e-001
9.62121404269042e-001
-2.75571819310958e-001
9.61280485811321e-001
-2.78519689385053e-001
9.60430519415566e-001
-2.81464937925758e-001
9.59571513081985e-001
-2.84407537211272e-001
9.58703474895872e-001
-2.87347459544729e-001
9.57826413027533e-001
-2.90284677254462e-001
9.56940335732209e-001
-2.93219162694259e-001
9.56045251349997e-001
-2.96150888243624e-001
9.55141168305771e-001
-2.99079826308040e-001
9.54228095109106e-001
-3.02005949319228e-001
9.53306040354194e-001
-3.04929229735402e-001
9.52375012719766e-001
-3.07849640041535e-001
9.51435020969008e-001
-3.10767152749611e-001
9.50486073949482e-001
-3.13681740398891e-001
9.49528180593037e-001
-3.16593375556166e-001
9.48561349915730e-001
-3.19502030816016e-001
9.47585591017741e-001
-3.22407678801070e-001
9.46600913083284e-001
-3.25310292162263e-001
9.45607325380521e-001
-3.28209843579093e-001
9.44604837261480e-001
-3.31106305759876e-001
9.43593458161960e-001
-3.33999651442009e-001
9.42573197601447e-001
-3.36889853392220e-001
9.41544065183021e-001
-3.39776884406827e-001
9.40506070593268e-001
-3.42660717311994e-001
9.39459223602190e-001
-3.45541324963989e-001
9.38403534063108e-001
-3.48418680249434e-001
9.37339011912575e-001
-3.51292756085567e-001
9.36265667170278e-001
-3.54163525420490e-001
9.35183509938948e-001
-3.57030961233430e-001
9.34092550404259e-001
-3.59895036534988e-001
9.32992798834739e-001
-3.62755724367397e-001
9.31884265581668e-001
-3.65612997804774e-001
9.30766961078984e-001
-3.68466829953372e-001
9.29640895843181e-001
-3.71317193951837e-001
9.28506080473216e-001
-3.74164062971458e-001
9.27362525650401e-001
-3.77007410216418e-001
9.26210242138311e-001
-3.79847208924051e-001
9.25049240782678e-001
-3.82683432365090e-001
9.23879532511287e-001
-3.85516053843919e-001
9.22701128333879e-001
-3.88345046698826e-001
9.21514039342042e-001
-3.91170384302254e-001
9.20318276709111e-001
-3.93992040061048e-001
9.19113851690058e-001
-3.96809987416710e-001
9.17900775621391e-001
-3.99624199845647e-001
9.16679059921043e-001
-4.02434650859418e-001
9.15448716088268e-001
-4.05241314004990e-001
9.14209755703531e-001
-4.08044162864979e-001
9.12962190428398e-001
-4.10843171057904e-001
9.11706032005430e-001
-4.13638312238434e-001
9.10441292258067e-001
-4.16429560097637e-001
9.09167983090522e-001
-4.19216888363224e-001
9.07886116487666e-001
-4.22000270799800e-001
9.06595704514915e-001
-4.24779681209109e-001
9.05296759318119e-001
-4.27555093430282e-001
9.03989293123443e-001
-4.30326481340083e-001
9.02673318237259e-001
-4.33093818853152e-001
9.01348847046022e-001
-4.35857079922255e-001
9.00015892016160e-001
-4.38616238538527e-001
8.98674465693954e-001
-4.41371268731717e-001
8.97324580705418e-001
-4.44122144570429e-001
8.95966249756185e-001
-4.46868840162374e-001
8.94599485631383e-001
-4.49611329654607e-001
8.93224301195515e-001
-4.52349587233771e-001
8.91840709392343e-001
-4.55083587126344e-001
8.90448723244758e-001
-4.57813303598877e-001
8.89048355854665e-001
-4.60538710958240e-001
8.87639620402854e-001
-4.63259783551860e-001
8.86222530148881e-001
-4.65976495767966e-001
8.84797098430938e-001
-4.68688822035828e-001
8.83363338665732e-001
-4.71396736825998e-001
8.81921264348355e-001
-4.74100214650550e-001
8.80470889052161e-001
-4.76799230063322e-001
8.79012226428634e-001
-4.79493757660153e-001
8.77545290207261e-001
-4.82183772079123e-001
8.76070094195407e-001
-4.84869248000791e-001
8.74586652278176e-001
-4.87550160148436e-001
8.73094978418290e-001
-4.90226483288291e-001
8.71595086655951e-001
-4.92898192229784e-001
8.70086991108711e-001
-4.95565261825772e-001
8.68570705971341e-001
-4.98227666972782e-001
8.67046245515693e-001
-5.00885382611241e-001
8.65513624090569e-001
-5.03538383725717e-001
8.63972856121587e-001
-5.06186645345155e-001
8.62423956111041e-001
-5.08830142543107e-001
8.60866938637767e-001
-5.11468850437970e-001
8.59301818357008e-001
-5.14102744193222e-001
8.57728610000272e-001
-5.16731799017650e-001
8.56147328375195e-001
-5.19355990165590e-001
8.54557988365401e-001
-5.21975292937154e-001
8.52960604930364e-001
-5.24589682678469e-001
8.51355193105265e-001
-5.27199134781901e-001
8.49741768000853e-001
-5.29803624686295e-001
8.48120344803297e-001
-5.32403127877198e-001
8.46490938774052e-001
-5.34997619887097e-001
8.44853565249707e-001
-5.37587076295646e-001
8.43208239641845e-001
-5.40171472729893e-001
8.41554977436898e-001
-5.42750784864516e-001
8.39893794196000e-001
-5.45324988422046e-001
8.38224705554838e-001
-5.47894059173100e-001
8.36547727223512e-001
-5.50457972936605e-001
8.34862874986380e-001
-5.53016705580027e-001
8.33170164701913e-001
-5.55570233019602e-001
8.31469612302545e-001
-5.58118531220556e-001
8.29761233794523e-001
-5.60661576197336e-001
8.28045045257756e-001
-5.63199344013834e-001
8.26321062845664e-001
-5.65731810783613e-001
8.24589302785025e-001
-5.68258952670131e-001
8.22849781375826e-001
-5.70780745886967e-001
8.21102514991105e-001
-5.73297166698042e-001
8.19347520076797e-001
-5.75808191417845e-001
8.17584813151584e-001
-5.78313796411655e-001
8.15814410806734e-001
-5.80813958095764e-001
8.14036329705949e-001
-5.83308652937698e-001
8.12250586585204e-001
-5.85797857456439e-001
8.10457198252595e-001
-5.88281548222645e-001
8.08656181588175e-001
-5.90759701858874e-001
8.06847553543799e-001
-5.93232295039800e-001
8.05031331142964e-001
-5.95699304492433e-001
8.03207531480645e-001
-5.98160706996342e-001
8.01376171723140e-001
-6.00616479383869e-001
7.99537269107905e-001
-6.03066598540348e-001
7.97690840943391e-001
-6.05511041404325e-001
7.95836904608884e-001
-6.07949784967774e-001
7.93975477554337e-001
-6.10382806276310e-001
7.92106577300212e-001
-6.12810082429410e-001
7.90230221437310e-001
-6.15231590580627e-001
7.88346427626606e-001
-6.17647307937804e-001
7.86455213599086e-001
-6.20057211763289e-001
7.84556597155575e-001
-6.22461279374150e-001
7.82650596166576e-001
-6.24859488142386e-001
7.80737228572095e-001
-6.27251815495144e-001
7.78816512381476e-001
-6.29638238914927e-001
7.76888465673232e-001
-6.32018735939809e-001
7.74953106594874e-001
-6.34393284163645e-001
7.73010453362737e-001
-6.36761861236284e-001
7.71060524261814e-001
-6.39124444863776e-001
7.69103337645580e-001
-6.41481012808583e-001
7.67138911935821e-001
-6.43831542889791e-001
7.65167265622459e-001
-6.46176012983316e-001
7.63188417263381e-001
-6.48514401022112e-001
7.61202385484262e-001
-6.50846684996381e-001
7.59209188978388e-001
-6.53172842953777e-001
7.57208846506485e-001
-6.55492852999615e-001
7.55201376896537e-001
-6.57806693297079e-001
7.53186799043613e-001
-6.60114342067420e-001
7.51165131909687e-001
-6.62415777590172e-001
7.49136394523459e-001
-6.64710978203345e-001
7.47100605980180e-001
-6.66999922303637e-001
7.45057785441466e-001
-6.69282588346636e-001
7.43007952135122e-001
-6.71558954847018e-001
7.40951125354959e-001
-6.73829000378756e-001
7.38887324460615e-001
-6.76092703575316e-001
7.36816568877370e-001
-6.78350043129861e-001
7.34738878095964e-001
-6.80600997795453e-001
7.32654271672413e-001
-6.82845546385248e-001
7.30562769227828e-001
-6.85083667772700e-001
7.28464390448225e-001
-6.87315340891759e-001
7.26359155084346e-001
-6.89540544737067e-001
7.24247082951467e-001
-6.91759258364158e-001
7.22128193929215e-001
-6.93971460889654e-001
7.20002507961382e-001
-6.96177131491463e-001
7.17870045055732e-001
-6.98376249408973e-001
7.15730825283819e-001
-7.00568793943248e-001
7.13584868780794e-001
-7.02754744457225e-001
7.11432195745217e-001
-7.04934080375905e-001
7.09272826438866e-001
-7.07106781186547e-001
7.07106781186548e-001
-7.09272826438865e-001
7.04934080375905e-001
-7.11432195745217e-001
7.02754744457225e-001
-7.13584868780794e-001
7.00568793943248e-001
-7.15730825283819e-001
6.98376249408973e-001
-7.17870045055732e-001
6.96177131491463e-001
-7.20002507961382e-001
6.93971460889654e-001
-7.22128193929215e-001
6.91759258364158e-001
-7.24247082951467e-001
6.89540544737067e-001
-7.26359155084346e-001
6.87315340891759e-001
-7.28464390448225e-001
6.85083667772700e-001
-7.30562769227827e-001
6.82845546385248e-001
-7.32654271672413e-001
6.80600997795453e-001
-7.34738878095964e-001
6.78350043129861e-001
-7.36816568877370e-001
6.76092703575316e-001
-7.38887324460615e-001
6.73829000378756e-001
-7.40951125354959e-001
6.71558954847019e-001
-7.43007952135122e-001
6.69282588346636e-001
-7.45057785441466e-001
6.66999922303638e-001
-7.47100605980180e-001
6.64710978203345e-001
-7.49136394523459e-001
6.62415777590172e-001
-7.51165131909686e-001
6.60114342067420e-001
-7.53186799043612e-001
6.57806693297079e-001
-7.55201376896536e-001
6.55492852999616e-001
-7.57208846506485e-001
6.53172842953777e-001
-7.59209188978388e-001
6.50846684996381e-001
-7.61202385484262e-001
6.48514401022113e-001
-7.63188417263381e-001
6.46176012983317e-001
-7.65167265622459e-001
6.43831542889791e-001
-7.67138911935820e-001
6.41481012808583e-001
-7.69103337645579e-001
6.39124444863776e-001
-7.71060524261814e-001
6.36761861236284e-001
-7.73010453362737e-001
6.34393284163645e-001
-7.74953106594874e-001
6.32018735939809e-001
-7.76888465673232e-001
6.29638238914927e-001
-7.78816512381476e-001
6.27251815495144e-001
-7.80737228572094e-001
6.24859488142386e-001
-7.82650596166576e-001
6.22461279374150e-001
-7.84556597155575e-001
6.20057211763289e-001
-7.86455213599086e-001
6.17647307937804e-001
-7.88346427626606e-001
6.15231590580627e-001
-7.90230221437310e-001
6.12810082429410e-001
-7.92106577300212e-001
6.10382806276310e-001
-7.93975477554337e-001
6.07949784967774e-001
-7.95836904608883e-001
6.05511041404326e-001
-7.97690840943391e-001
6.03066598540348e-001
-7.99537269107905e-001
6.00616479383869e-001
-8.01376171723140e-001
5.98160706996342e-001
-8.03207531480645e-001
5.95699304492433e-001
-8.05031331142963e-001
5.93232295039800e-001
-8.06847553543799e-001
5.90759701858874e-001
-8.08656181588175e-001
5.88281548222645e-001
-8.10457198252595e-001
5.85797857456439e-001
-8.12250586585204e-001
5.83308652937699e-001
-8.14036329705948e-001
5.80813958095765e-001
-8.15814410806734e-001
5.78313796411656e-001
-8.17584813151584e-001
5.75808191417845e-001
-8.19347520076797e-001
5.73297166698042e-001
-8.21102514991105e-001
5.70780745886967e-001
-8.22849781375826e-001
5.68258952670132e-001
-8.24589302785025e-001
5.65731810783613e-001
-8.26321062845664e-001
5.63199344013834e-001
-8.28045045257756e-001
5.60661576197336e-001
-8.29761233794523e-001
5.58118531220556e-001
-8.31469612302545e-001
5.55570233019602e-001
-8.33170164701913e-001
5.53016705580028e-001
-8.34862874986380e-001
5.50457972936605e-001
-8.36547727223512e-001
5.47894059173100e-001
-8.38224705554838e-001
5.45324988422046e-001
-8.39893794196000e-001
5.42750784864516e-001
-8.41554977436898e-001
5.40171472729893e-001
-8.43208239641845e-001
5.37587076295646e-001
-8.44853565249707e-001
5.34997619887097e-001
-8.46490938774052e-001
5.32403127877198e-001
-8.48120344803297e-001
5.29803624686295e-001
-8.49741768000853e-001
5.27199134781901e-001
-8.51355193105265e-001
5.24589682678469e-001
-8.52960604930364e-001
5.21975292937155e-001
-8.54557988365400e-001
5.19355990165590e-001
-8.56147328375194e-001
5.16731799017650e-001
-8.57728610000272e-001
5.14102744193222e-001
-8.59301818357008e-001
5.11468850437971e-001
-8.60866938637767e-001
5.08830142543107e-001
-8.62423956111041e-001
5.06186645345155e-001
-8.63972856121587e-001
5.03538383725718e-001
-8.65513624090569e-001
5.00885382611241e-001
-8.67046245515693e-001
4.98227666972782e-001
-8.68570705971341e-001
4.95565261825773e-001
-8.70086991108711e-001
4.92898192229784e-001
-8.71595086655951e-001
4.90226483288291e-001
-8.73094978418290e-001
4.87550160148436e-001
-8.74586652278176e-001
4.84869248000791e-001
-8.76070094195406e-001
4.82183772079123e-001
-8.77545290207261e-001
4.79493757660153e-001
-8.79012226428634e-001
4.76799230063322e-001
-8.80470889052161e-001
4.74100214650550e-001
-8.81921264348355e-001
4.71396736825998e-001
-8.83363338665732e-001
4.68688822035828e-001
-8.84797098430938e-001
4.65976495767966e-001
-8.86222530148881e-001
4.63259783551860e-001
-8.87639620402854e-001
4.60538710958240e-001
-8.89048355854665e-001
4.57813303598877e-001
-8.90448723244758e-001
4.55083587126344e-001
-8.91840709392343e-001
4.52349587233771e-001
-8.93224301195515e-001
4.49611329654607e-001
-8.94599485631383e-001
4.46868840162374e-001
-8.95966249756185e-001
4.44122144570429e-001
-8.97324580705418e-001
4.41371268731717e-001
-8.98674465693954e-001
4.38616238538528e-001
-9.00015892016160e-001
4.35857079922256e-001
-9.01348847046022e-001
4.33093818853152e-001
-9.02673318237259e-001
4.30326481340083e-001
-9.03989293123443e-001
4.27555093430282e-001
-9.05296759318119e-001
4.24779681209109e-001
-9.06595704514915e-001
4.22000270799800e-001
-9.07886116487666e-001
4.19216888363224e-001
-9.09167983090522e-001
4.16429560097637e-001
-9.10441292258067e-001
4.13638312238435e-001
-9.11706032005430e-001
4.10843171057904e-001
-9.12962190428398e-001
4.08044162864979e-001
-9.14209755703531e-001
4.05241314004990e-001
-9.15448716088268e-001
4.02434650859419e-001
-9.16679059921043e-001
3.99624199845647e-001
-9.17900775621391e-001
3.96809987416710e-001
-9.19113851690058e-001
3.93992040061048e-001
-9.20318276709110e-001
3.91170384302254e-001
-9.21514039342042e-001
3.88345046698827e-001
-9.22701128333879e-001
3.85516053843919e-001
-9.23879532511287e-001
3.82683432365090e-001
-9.25049240782677e-001
3.79847208924051e-001
-9.26210242138311e-001
3.77007410216418e-001
-9.27362525650401e-001
3.74164062971458e-001
-9.28506080473215e-001
3.71317193951838e-001
-9.29640895843181e-001
3.68466829953373e-001
-9.30766961078984e-001
3.65612997804774e-001
-9.31884265581668e-001
3.62755724367397e-001
-9.32992798834739e-001
3.59895036534988e-001
-9.34092550404259e-001
3.57030961233430e-001
-9.35183509938948e-001
3.54163525420490e-001
-9.36265667170278e-001
3.51292756085567e-001
-9.37339011912575e-001
3.48418680249435e-001
-9.38403534063108e-001
3.45541324963989e-001
-9.39459223602190e-001
3.42660717311994e-001
-9.40506070593268e-001
3.39776884406827e-001
-9.41544065183021e-001
3.36889853392220e-001
-9.42573197601447e-001
3.33999651442009e-001
-9.43593458161960e-001
3.31106305759876e-001
-9.44604837261480e-001
3.28209843579093e-001
-9.45607325380521e-001
3.25310292162263e-001
-9.46600913083284e-001
3.22407678801070e-001
-9.47585591017741e-001
3.19502030816016e-001
-9.48561349915730e-001
3.16593375556166e-001
-9.49528180593037e-001
3.13681740398891e-001
-9.50486073949482e-001
3.10767152749612e-001
-9.51435020969008e-001
3.07849640041535e-001
-9.52375012719766e-001
3.04929229735403e-001
-9.53306040354194e-001
3.02005949319228e-001
-9.54228095109106e-001
2.99079826308041e-001
-9.55141168305771e-001
2.96150888243624e-001
-9.56045251349996e-001
2.93219162694259e-001
-9.56940335732209e-001
2.90284677254462e-001
-9.57826413027533e-001
2.87347459544730e-001
-9.58703474895871e-001
2.84407537211272e-001
-9.59571513081985e-001
2.81464937925758e-001
-9.60430519415566e-001
2.78519689385053e-001
-9.61280485811321e-001
2.75571819310958e-001
-9.62121404269041e-001
2.72621355449949e-001
-9.62953266873684e-001
2.69668325572915e-001
-9.63776065795440e-001
2.66712757474898e-001
-9.64589793289813e-001
2.63754678974832e-001
-9.65394441697689e-001
2.60794117915276e-001
-9.66190003445413e-001
2.57831102162159e-001
-9.66976471044852e-001
2.54865659604515e-001
-9.67753837093475e-001
2.51897818154217e-001
-9.68522094274417e-001
2.48927605745720e-001
-9.69281235356548e-001
2.45955050335795e-001
-9.70031253194544e-001
2.42980179903264e-001
-9.70772140728950e-001
2.40003022448742e-001
-9.71503890986252e-001
2.37023605994367e-001
-9.72226497078936e-001
2.34041958583544e-001
-9.72939952205560e-001
2.31058108280671e-001
-9.73644249650812e-001
2.28072083170886e-001
-9.74339382785576e-001
2.25083911359793e-001
-9.75025345066994e-001
2.22093620973204e-001
-9.75702130038528e-001
2.19101240156870e-001
-9.76369731330021e-001
2.16106797076219e-001
-9.77028142657754e-001
2.13110319916091e-001
-9.77677357824510e-001
2.10111836880470e-001
-9.78317370719628e-001
2.07111376192219e-001
-9.78948175319062e-001
2.04108966092817e-001
-9.79569765685441e-001
2.01104634842092e-001
-9.80182135968117e-001
1.98098410717954e-001
-9.80785280403230e-001
1.95090322016129e-001
-9.81379193313755e-001
1.92080397049892e-001
-9.81963869109555e-001
1.89068664149806e-001
-9.82539302287441e-001
1.86055151663447e-001
-9.83105487431216e-001
1.83039887955141e-001
-9.83662419211730e-001
1.80022901405700e-001
-9.84210092386929e-001
1.77004220412149e-001
-9.84748501801904e-001
1.73983873387464e-001
-9.85277642388941e-001
1.70961888760301e-001
-9.85797509167567e-001
1.67938294974731e-001
-9.86308097244599e-001
1.64913120489970e-001
-9.86809401814186e-001
1.61886393780112e-001
-9.87301418157858e-001
1.58858143333861e-001
-9.87784141644572e-001
1.55828397654265e-001
-9.88257567730749e-001
1.52797185258444e-001
-9.88721691960324e-001
1.49764534677321e-001
-9.89176509964781e-001
1.46730474455362e-001
-9.89622017463201e-001
1.43695033150295e-001
-9.90058210262297e-001
1.40658239332850e-001
-9.90485084256457e-001
1.37620121586486e-001
-9.90902635427780e-001
1.34580708507126e-001
-9.91310859846115e-001
1.31540028702883e-001
-9.91709753669100e-001
1.28498110793793e-001
-9.92099313142192e-001
1.25454983411546e-001
-9.92479534598710e-001
1.22410675199216e-001
-9.92850414459865e-001
1.19365214810992e-001
-9.93211949234795e-001
1.16318630911905e-001
-9.93564135520595e-001
1.13270952177564e-001
-9.93906970002356e-001
1.10222207293883e-001
-9.94240449453188e-001
1.07172424956809e-001
-9.94564570734255e-001
1.04121633872055e-001
-9.94879330794806e-001
1.01069862754828e-001
-9.95184726672197e-001
9.80171403295608e-002
-9.95480755491927e-001
9.49634953296389e-002
-9.95767414467660e-001
9.19089564971328e-002
-9.96044700901252e-001
8.88535525825248e-002
-9.96312612182778e-001
8.57973123444402e-002
-9.96571145790555e-001
8.27402645493756e-002
-9.96820299291166e-001
7.96824379714302e-002
-9.97060070339483e-001
7.66238613920317e-002
-9.97290456678690e-001
7.35645635996677e-002
-9.97511456140303e-001
7.05045733896139e-002
-9.97723066644192e-001
6.74439195636642e-002
-9.97925286198596e-001
6.43826309298577e-002
-9.98118112900149e-001
6.13207363022085e-002
-9.98301544933893e-001
5.82582645004358e-002
-9.98475580573295e-001
5.51952443496901e-002
-9.98640218180265e-001
5.21317046802836e-002
-9.98795456205172e-001
4.90676743274180e-002
-9.98941293186857e-001
4.60031821309147e-002
-9.99077727752645e-001
4.29382569349410e-002
-9.99204758618364e-001
3.98729275877401e-002
-9.99322384588350e-001
3.68072229413588e-002
-9.99430604555462e-001
3.37411718513777e-002
-9.99529417501093e-001
3.06748031766369e-002
-9.99618822495179e-001
2.76081457789657e-002
-9.99698818696204e-001
2.45412285229123e-002
-9.99769405351215e-001
2.14740802754697e-002
-9.99830581795823e-001
1.84067299058051e-002
-9.99882347454213e-001
1.53392062849881e-002
-9.99924701839145e-001
1.22715382857200e-002
-9.99957644551964e-001
9.20375478206002e-003
-9.99981175282601e-001
6.13588464915480e-003
-9.99995293809576e-001
3.06795676296598e-003
