1.00000000000000e+0,
0.00000000000000e+0,
9.99995293809576e-1,
3.06795676296598e-3,
9.99981175282601e-1,
6.13588464915448e-3,
9.99957644551964e-1,
9.20375478205982e-3,
9.99924701839145e-1,
1.22715382857199e-2,
9.99882347454213e-1,
1.53392062849881e-2,
9.99830581795823e-1,
1.84067299058048e-2,
9.99769405351215e-1,
2.14740802754695e-2,
9.99698818696204e-1,
2.45412285229123e-2,
9.99618822495179e-1,
2.76081457789657e-2,
9.99529417501093e-1,
3.06748031766366e-2,
9.99430604555462e-1,
3.37411718513776e-2,
9.99322384588350e-1,
3.68072229413588e-2,
9.99204758618364e-1,
3.98729275877398e-2,
9.99077727752645e-1,
4.29382569349408e-2,
9.98941293186857e-1,
4.60031821309146e-2,
9.98795456205172e-1,
4.90676743274180e-2,
9.98640218180265e-1,
5.21317046802833e-2,
9.98475580573295e-1,
5.51952443496899e-2,
9.98301544933893e-1,
5.82582645004358e-2,
9.98118112900149e-1,
6.13207363022086e-2,
9.97925286198596e-1,
6.43826309298575e-2,
9.97723066644192e-1,
6.74439195636641e-2,
9.97511456140303e-1,
7.05045733896139e-2,
9.97290456678690e-1,
7.35645635996674e-2,
9.97060070339483e-1,
7.66238613920315e-2,
9.96820299291166e-1,
7.96824379714301e-2,
9.96571145790555e-1,
8.27402645493757e-2,
9.96312612182778e-1,
8.57973123444399e-2,
9.96044700901252e-1,
8.88535525825246e-2,
9.95767414467660e-1,
9.19089564971327e-2,
9.95480755491927e-1,
9.49634953296390e-2,
9.95184726672197e-1,
9.80171403295606e-2,
9.94879330794806e-1,
1.01069862754828e-1,
9.94564570734255e-1,
1.04121633872055e-1,
9.94240449453188e-1,
1.07172424956809e-1,
9.93906970002356e-1,
1.10222207293883e-1,
9.93564135520595e-1,
1.13270952177564e-1,
9.93211949234795e-1,
1.16318630911905e-1,
9.92850414459865e-1,
1.19365214810991e-1,
9.92479534598710e-1,
1.22410675199216e-1,
9.92099313142192e-1,
1.25454983411546e-1,
9.91709753669100e-1,
1.28498110793793e-1,
9.91310859846115e-1,
1.31540028702883e-1,
9.90902635427780e-1,
1.34580708507126e-1,
9.90485084256457e-1,
1.37620121586486e-1,
9.90058210262297e-1,
1.40658239332849e-1,
9.89622017463201e-1,
1.43695033150294e-1,
9.89176509964781e-1,
1.46730474455362e-1,
9.88721691960324e-1,
1.49764534677322e-1,
9.88257567730749e-1,
1.52797185258443e-1,
9.87784141644572e-1,
1.55828397654265e-1,
9.87301418157858e-1,
1.58858143333861e-1,
9.86809401814186e-1,
1.61886393780112e-1,
9.86308097244599e-1,
1.64913120489970e-1,
9.85797509167567e-1,
1.67938294974731e-1,
9.85277642388941e-1,
1.70961888760301e-1,
9.84748501801904e-1,
1.73983873387464e-1,
9.84210092386929e-1,
1.77004220412149e-1,
9.83662419211730e-1,
1.80022901405700e-1,
9.83105487431216e-1,
1.83039887955141e-1,
9.82539302287441e-1,
1.86055151663447e-1,
9.81963869109555e-1,
1.89068664149806e-1,
9.81379193313755e-1,
1.92080397049892e-1,
9.80785280403230e-1,
1.95090322016128e-1,
9.80182135968117e-1,
1.98098410717954e-1,
9.79569765685441e-1,
2.01104634842092e-1,
9.78948175319062e-1,
2.04108966092817e-1,
9.78317370719628e-1,
2.07111376192219e-1,
9.77677357824510e-1,
2.10111836880470e-1,
9.77028142657754e-1,
2.13110319916091e-1,
9.76369731330021e-1,
2.16106797076220e-1,
9.75702130038529e-1,
2.19101240156870e-1,
9.75025345066994e-1,
2.22093620973204e-1,
9.74339382785576e-1,
2.25083911359793e-1,
9.73644249650812e-1,
2.28072083170886e-1,
9.72939952205560e-1,
2.31058108280671e-1,
9.72226497078936e-1,
2.34041958583543e-1,
9.71503890986252e-1,
2.37023605994367e-1,
9.70772140728950e-1,
2.40003022448742e-1,
9.70031253194544e-1,
2.42980179903264e-1,
9.69281235356549e-1,
2.45955050335795e-1,
9.68522094274417e-1,
2.48927605745720e-1,
9.67753837093476e-1,
2.51897818154217e-1,
9.66976471044852e-1,
2.54865659604515e-1,
9.66190003445413e-1,
2.57831102162159e-1,
9.65394441697689e-1,
2.60794117915276e-1,
9.64589793289813e-1,
2.63754678974831e-1,
9.63776065795440e-1,
2.66712757474898e-1,
9.62953266873684e-1,
2.69668325572915e-1,
9.62121404269042e-1,
2.72621355449949e-1,
9.61280485811321e-1,
2.75571819310958e-1,
9.60430519415566e-1,
2.78519689385053e-1,
9.59571513081985e-1,
2.81464937925758e-1,
9.58703474895872e-1,
2.84407537211272e-1,
9.57826413027533e-1,
2.87347459544730e-1,
9.56940335732209e-1,
2.90284677254462e-1,
9.56045251349996e-1,
2.93219162694259e-1,
9.55141168305771e-1,
2.96150888243624e-1,
9.54228095109106e-1,
2.99079826308040e-1,
9.53306040354194e-1,
3.02005949319228e-1,
9.52375012719766e-1,
3.04929229735402e-1,
9.51435020969008e-1,
3.07849640041535e-1,
9.50486073949482e-1,
3.10767152749611e-1,
9.49528180593037e-1,
3.13681740398892e-1,
9.48561349915730e-1,
3.16593375556166e-1,
9.47585591017741e-1,
3.19502030816016e-1,
9.46600913083284e-1,
3.22407678801070e-1,
9.45607325380521e-1,
3.25310292162263e-1,
9.44604837261480e-1,
3.28209843579093e-1,
9.43593458161960e-1,
3.31106305759876e-1,
9.42573197601447e-1,
3.33999651442009e-1,
9.41544065183021e-1,
3.36889853392220e-1,
9.40506070593268e-1,
3.39776884406827e-1,
9.39459223602190e-1,
3.42660717311994e-1,
9.38403534063108e-1,
3.45541324963989e-1,
9.37339011912575e-1,
3.48418680249435e-1,
9.36265667170278e-1,
3.51292756085567e-1,
9.35183509938948e-1,
3.54163525420490e-1,
9.34092550404259e-1,
3.57030961233430e-1,
9.32992798834739e-1,
3.59895036534988e-1,
9.31884265581668e-1,
3.62755724367397e-1,
9.30766961078984e-1,
3.65612997804774e-1,
9.29640895843181e-1,
3.68466829953372e-1,
9.28506080473216e-1,
3.71317193951838e-1,
9.27362525650401e-1,
3.74164062971458e-1,
9.26210242138311e-1,
3.77007410216418e-1,
9.25049240782678e-1,
3.79847208924051e-1,
9.23879532511287e-1,
3.82683432365090e-1,
9.22701128333879e-1,
3.85516053843919e-1,
9.21514039342042e-1,
3.88345046698826e-1,
9.20318276709111e-1,
3.91170384302254e-1,
9.19113851690058e-1,
3.93992040061048e-1,
9.17900775621391e-1,
3.96809987416710e-1,
9.16679059921043e-1,
3.99624199845647e-1,
9.15448716088268e-1,
4.02434650859418e-1,
9.14209755703531e-1,
4.05241314004990e-1,
9.12962190428398e-1,
4.08044162864979e-1,
9.11706032005430e-1,
4.10843171057904e-1,
9.10441292258067e-1,
4.13638312238435e-1,
9.09167983090522e-1,
4.16429560097637e-1,
9.07886116487666e-1,
4.19216888363224e-1,
9.06595704514915e-1,
4.22000270799800e-1,
9.05296759318119e-1,
4.24779681209109e-1,
9.03989293123443e-1,
4.27555093430282e-1,
9.02673318237259e-1,
4.30326481340083e-1,
9.01348847046022e-1,
4.33093818853152e-1,
9.00015892016160e-1,
4.35857079922255e-1,
8.98674465693954e-1,
4.38616238538528e-1,
8.97324580705418e-1,
4.41371268731717e-1,
8.95966249756185e-1,
4.44122144570429e-1,
8.94599485631383e-1,
4.46868840162374e-1,
8.93224301195515e-1,
4.49611329654607e-1,
8.91840709392343e-1,
4.52349587233771e-1,
8.90448723244758e-1,
4.55083587126344e-1,
8.89048355854665e-1,
4.57813303598877e-1,
8.87639620402854e-1,
4.60538710958240e-1,
8.86222530148881e-1,
4.63259783551860e-1,
8.84797098430938e-1,
4.65976495767966e-1,
8.83363338665732e-1,
4.68688822035828e-1,
8.81921264348355e-1,
4.71396736825998e-1,
8.80470889052161e-1,
4.74100214650550e-1,
8.79012226428634e-1,
4.76799230063322e-1,
8.77545290207261e-1,
4.79493757660153e-1,
8.76070094195407e-1,
4.82183772079123e-1,
8.74586652278176e-1,
4.84869248000791e-1,
8.73094978418290e-1,
4.87550160148436e-1,
8.71595086655951e-1,
4.90226483288291e-1,
8.70086991108711e-1,
4.92898192229784e-1,
8.68570705971341e-1,
4.95565261825773e-1,
8.67046245515693e-1,
4.98227666972782e-1,
8.65513624090569e-1,
5.00885382611241e-1,
8.63972856121587e-1,
5.03538383725718e-1,
8.62423956111041e-1,
5.06186645345155e-1,
8.60866938637767e-1,
5.08830142543107e-1,
8.59301818357008e-1,
5.11468850437970e-1,
8.57728610000272e-1,
5.14102744193222e-1,
8.56147328375194e-1,
5.16731799017650e-1,
8.54557988365401e-1,
5.19355990165590e-1,
8.52960604930364e-1,
5.21975292937154e-1,
8.51355193105265e-1,
5.24589682678469e-1,
8.49741768000853e-1,
5.27199134781901e-1,
8.48120344803297e-1,
5.29803624686295e-1,
8.46490938774052e-1,
5.32403127877198e-1,
8.44853565249707e-1,
5.34997619887097e-1,
8.43208239641845e-1,
5.37587076295645e-1,
8.41554977436898e-1,
5.40171472729893e-1,
8.39893794196000e-1,
5.42750784864516e-1,
8.38224705554838e-1,
5.45324988422046e-1,
8.36547727223512e-1,
5.47894059173100e-1,
8.34862874986380e-1,
5.50457972936605e-1,
8.33170164701913e-1,
5.53016705580027e-1,
8.31469612302545e-1,
5.55570233019602e-1,
8.29761233794523e-1,
5.58118531220556e-1,
8.28045045257756e-1,
5.60661576197336e-1,
8.26321062845664e-1,
5.63199344013834e-1,
8.24589302785025e-1,
5.65731810783613e-1,
8.22849781375826e-1,
5.68258952670131e-1,
8.21102514991105e-1,
5.70780745886967e-1,
8.19347520076797e-1,
5.73297166698042e-1,
8.17584813151584e-1,
5.75808191417845e-1,
8.15814410806734e-1,
5.78313796411656e-1,
8.14036329705948e-1,
5.80813958095765e-1,
8.12250586585204e-1,
5.83308652937698e-1,
8.10457198252595e-1,
5.85797857456439e-1,
8.08656181588175e-1,
5.88281548222645e-1,
8.06847553543799e-1,
5.90759701858874e-1,
8.05031331142964e-1,
5.93232295039800e-1,
8.03207531480645e-1,
5.95699304492433e-1,
8.01376171723140e-1,
5.98160706996342e-1,
7.99537269107905e-1,
6.00616479383869e-1,
7.97690840943391e-1,
6.03066598540348e-1,
7.95836904608884e-1,
6.05511041404326e-1,
7.93975477554337e-1,
6.07949784967774e-1,
7.92106577300212e-1,
6.10382806276309e-1,
7.90230221437310e-1,
6.12810082429410e-1,
7.88346427626606e-1,
6.15231590580627e-1,
7.86455213599086e-1,
6.17647307937804e-1,
7.84556597155575e-1,
6.20057211763289e-1,
7.82650596166576e-1,
6.22461279374150e-1,
7.80737228572094e-1,
6.24859488142386e-1,
7.78816512381476e-1,
6.27251815495144e-1,
7.76888465673232e-1,
6.29638238914927e-1,
7.74953106594874e-1,
6.32018735939809e-1,
7.73010453362737e-1,
6.34393284163645e-1,
7.71060524261814e-1,
6.36761861236284e-1,
7.69103337645580e-1,
6.39124444863776e-1,
7.67138911935820e-1,
6.41481012808583e-1,
7.65167265622459e-1,
6.43831542889791e-1,
7.63188417263381e-1,
6.46176012983316e-1,
7.61202385484262e-1,
6.48514401022112e-1,
7.59209188978388e-1,
6.50846684996381e-1,
7.57208846506485e-1,
6.53172842953777e-1,
7.55201376896537e-1,
6.55492852999615e-1,
7.53186799043613e-1,
6.57806693297079e-1,
7.51165131909686e-1,
6.60114342067420e-1,
7.49136394523459e-1,
6.62415777590172e-1,
7.47100605980180e-1,
6.64710978203345e-1,
7.45057785441466e-1,
6.66999922303637e-1,
7.43007952135122e-1,
6.69282588346636e-1,
7.40951125354959e-1,
6.71558954847018e-1,
7.38887324460615e-1,
6.73829000378756e-1,
7.36816568877370e-1,
6.76092703575316e-1,
7.34738878095964e-1,
6.78350043129861e-1,
7.32654271672413e-1,
6.80600997795453e-1,
7.30562769227828e-1,
6.82845546385248e-1,
7.28464390448225e-1,
6.85083667772700e-1,
7.26359155084346e-1,
6.87315340891759e-1,
7.24247082951467e-1,
6.89540544737067e-1,
7.22128193929215e-1,
6.91759258364158e-1,
7.20002507961382e-1,
6.93971460889654e-1,
7.17870045055732e-1,
6.96177131491463e-1,
7.15730825283819e-1,
6.98376249408973e-1,
7.13584868780794e-1,
7.00568793943248e-1,
7.11432195745216e-1,
7.02754744457225e-1,
7.09272826438866e-1,
7.04934080375905e-1,
7.07106781186548e-1,
7.07106781186547e-1,
7.04934080375905e-1,
7.09272826438866e-1,
7.02754744457225e-1,
7.11432195745216e-1,
7.00568793943248e-1,
7.13584868780794e-1,
6.98376249408973e-1,
7.15730825283819e-1,
6.96177131491463e-1,
7.17870045055732e-1,
6.93971460889654e-1,
7.20002507961382e-1,
6.91759258364158e-1,
7.22128193929215e-1,
6.89540544737067e-1,
7.24247082951467e-1,
6.87315340891759e-1,
7.26359155084346e-1,
6.85083667772700e-1,
7.28464390448225e-1,
6.82845546385248e-1,
7.30562769227828e-1,
6.80600997795453e-1,
7.32654271672413e-1,
6.78350043129862e-1,
7.34738878095963e-1,
6.76092703575316e-1,
7.36816568877370e-1,
6.73829000378756e-1,
7.38887324460615e-1,
6.71558954847018e-1,
7.40951125354959e-1,
6.69282588346636e-1,
7.43007952135122e-1,
6.66999922303637e-1,
7.45057785441466e-1,
6.64710978203345e-1,
7.47100605980180e-1,
6.62415777590172e-1,
7.49136394523459e-1,
6.60114342067420e-1,
7.51165131909686e-1,
6.57806693297079e-1,
7.53186799043612e-1,
6.55492852999615e-1,
7.55201376896537e-1,
6.53172842953777e-1,
7.57208846506484e-1,
6.50846684996381e-1,
7.59209188978388e-1,
6.48514401022113e-1,
7.61202385484262e-1,
6.46176012983316e-1,
7.63188417263381e-1,
6.43831542889792e-1,
7.65167265622459e-1,
6.41481012808583e-1,
7.67138911935820e-1,
6.39124444863776e-1,
7.69103337645580e-1,
6.36761861236284e-1,
7.71060524261814e-1,
6.34393284163645e-1,
7.73010453362737e-1,
6.32018735939809e-1,
7.74953106594874e-1,
6.29638238914927e-1,
7.76888465673232e-1,
6.27251815495144e-1,
7.78816512381476e-1,
6.24859488142386e-1,
7.80737228572094e-1,
6.22461279374150e-1,
7.82650596166576e-1,
6.20057211763289e-1,
7.84556597155575e-1,
6.17647307937804e-1,
7.86455213599086e-1,
6.15231590580627e-1,
7.88346427626606e-1,
6.12810082429410e-1,
7.90230221437310e-1,
6.10382806276309e-1,
7.92106577300212e-1,
6.07949784967774e-1,
7.93975477554337e-1,
6.05511041404326e-1,
7.95836904608883e-1,
6.03066598540348e-1,
7.97690840943391e-1,
6.00616479383869e-1,
7.99537269107905e-1,
5.98160706996342e-1,
8.01376171723140e-1,
5.95699304492433e-1,
8.03207531480645e-1,
5.93232295039800e-1,
8.05031331142964e-1,
5.90759701858874e-1,
8.06847553543799e-1,
5.88281548222645e-1,
8.08656181588175e-1,
5.85797857456439e-1,
8.10457198252595e-1,
5.83308652937698e-1,
8.12250586585204e-1,
5.80813958095765e-1,
8.14036329705948e-1,
5.78313796411656e-1,
8.15814410806734e-1,
5.75808191417845e-1,
8.17584813151584e-1,
5.73297166698042e-1,
8.19347520076797e-1,
5.70780745886967e-1,
8.21102514991105e-1,
5.68258952670131e-1,
8.22849781375826e-1,
5.65731810783613e-1,
8.24589302785025e-1,
5.63199344013834e-1,
8.26321062845663e-1,
5.60661576197336e-1,
8.28045045257756e-1,
5.58118531220556e-1,
8.29761233794523e-1,
5.55570233019602e-1,
8.31469612302545e-1,
5.53016705580028e-1,
8.33170164701913e-1,
5.50457972936605e-1,
8.34862874986380e-1,
5.47894059173100e-1,
8.36547727223512e-1,
5.45324988422046e-1,
8.38224705554838e-1,
5.42750784864516e-1,
8.39893794195999e-1,
5.40171472729893e-1,
8.41554977436898e-1,
5.37587076295646e-1,
8.43208239641845e-1,
5.34997619887097e-1,
8.44853565249707e-1,
5.32403127877198e-1,
8.46490938774052e-1,
5.29803624686295e-1,
8.48120344803297e-1,
5.27199134781901e-1,
8.49741768000852e-1,
5.24589682678469e-1,
8.51355193105265e-1,
5.21975292937154e-1,
8.52960604930364e-1,
5.19355990165590e-1,
8.54557988365401e-1,
5.16731799017650e-1,
8.56147328375194e-1,
5.14102744193222e-1,
8.57728610000272e-1,
5.11468850437971e-1,
8.59301818357008e-1,
5.08830142543107e-1,
8.60866938637767e-1,
5.06186645345155e-1,
8.62423956111041e-1,
5.03538383725718e-1,
8.63972856121587e-1,
5.00885382611241e-1,
8.65513624090569e-1,
4.98227666972782e-1,
8.67046245515693e-1,
4.95565261825772e-1,
8.68570705971341e-1,
4.92898192229784e-1,
8.70086991108711e-1,
4.90226483288291e-1,
8.71595086655951e-1,
4.87550160148436e-1,
8.73094978418290e-1,
4.84869248000791e-1,
8.74586652278176e-1,
4.82183772079123e-1,
8.76070094195407e-1,
4.79493757660153e-1,
8.77545290207261e-1,
4.76799230063322e-1,
8.79012226428633e-1,
4.74100214650550e-1,
8.80470889052161e-1,
4.71396736825998e-1,
8.81921264348355e-1,
4.68688822035828e-1,
8.83363338665732e-1,
4.65976495767966e-1,
8.84797098430938e-1,
4.63259783551860e-1,
8.86222530148881e-1,
4.60538710958240e-1,
8.87639620402854e-1,
4.57813303598877e-1,
8.89048355854665e-1,
4.55083587126344e-1,
8.90448723244758e-1,
4.52349587233771e-1,
8.91840709392343e-1,
4.49611329654607e-1,
8.93224301195515e-1,
4.46868840162374e-1,
8.94599485631383e-1,
4.44122144570429e-1,
8.95966249756185e-1,
4.41371268731717e-1,
8.97324580705418e-1,
4.38616238538528e-1,
8.98674465693954e-1,
4.35857079922255e-1,
9.00015892016160e-1,
4.33093818853152e-1,
9.01348847046022e-1,
4.30326481340083e-1,
9.02673318237259e-1,
4.27555093430282e-1,
9.03989293123443e-1,
4.24779681209109e-1,
9.05296759318119e-1,
4.22000270799800e-1,
9.06595704514915e-1,
4.19216888363224e-1,
9.07886116487666e-1,
4.16429560097637e-1,
9.09167983090522e-1,
4.13638312238435e-1,
9.10441292258067e-1,
4.10843171057904e-1,
9.11706032005430e-1,
4.08044162864979e-1,
9.12962190428398e-1,
4.05241314004990e-1,
9.14209755703531e-1,
4.02434650859419e-1,
9.15448716088268e-1,
3.99624199845647e-1,
9.16679059921043e-1,
3.96809987416710e-1,
9.17900775621390e-1,
3.93992040061048e-1,
9.19113851690058e-1,
3.91170384302254e-1,
9.20318276709110e-1,
3.88345046698826e-1,
9.21514039342042e-1,
3.85516053843919e-1,
9.22701128333879e-1,
3.82683432365090e-1,
9.23879532511287e-1,
3.79847208924051e-1,
9.25049240782678e-1,
3.77007410216418e-1,
9.26210242138311e-1,
3.74164062971458e-1,
9.27362525650401e-1,
3.71317193951838e-1,
9.28506080473215e-1,
3.68466829953372e-1,
9.29640895843181e-1,
3.65612997804774e-1,
9.30766961078984e-1,
3.62755724367397e-1,
9.31884265581668e-1,
3.59895036534988e-1,
9.32992798834739e-1,
3.57030961233430e-1,
9.34092550404259e-1,
3.54163525420491e-1,
9.35183509938948e-1,
3.51292756085567e-1,
9.36265667170278e-1,
3.48418680249435e-1,
9.37339011912575e-1,
3.45541324963989e-1,
9.38403534063108e-1,
3.42660717311994e-1,
9.39459223602190e-1,
3.39776884406827e-1,
9.40506070593268e-1,
3.36889853392220e-1,
9.41544065183021e-1,
3.33999651442009e-1,
9.42573197601447e-1,
3.31106305759876e-1,
9.43593458161960e-1,
3.28209843579093e-1,
9.44604837261480e-1,
3.25310292162263e-1,
9.45607325380521e-1,
3.22407678801070e-1,
9.46600913083284e-1,
3.19502030816016e-1,
9.47585591017741e-1,
3.16593375556166e-1,
9.48561349915730e-1,
3.13681740398892e-1,
9.49528180593037e-1,
3.10767152749611e-1,
9.50486073949482e-1,
3.07849640041535e-1,
9.51435020969008e-1,
3.04929229735402e-1,
9.52375012719766e-1,
3.02005949319228e-1,
9.53306040354194e-1,
2.99079826308040e-1,
9.54228095109106e-1,
2.96150888243624e-1,
9.55141168305771e-1,
2.93219162694259e-1,
9.56045251349996e-1,
2.90284677254462e-1,
9.56940335732209e-1,
2.87347459544730e-1,
9.57826413027533e-1,
2.84407537211272e-1,
9.58703474895872e-1,
2.81464937925758e-1,
9.59571513081985e-1,
2.78519689385053e-1,
9.60430519415566e-1,
2.75571819310958e-1,
9.61280485811321e-1,
2.72621355449949e-1,
9.62121404269042e-1,
2.69668325572915e-1,
9.62953266873684e-1,
2.66712757474898e-1,
9.63776065795440e-1,
2.63754678974832e-1,
9.64589793289813e-1,
2.60794117915276e-1,
9.65394441697689e-1,
2.57831102162159e-1,
9.66190003445413e-1,
2.54865659604515e-1,
9.66976471044852e-1,
2.51897818154217e-1,
9.67753837093476e-1,
2.48927605745720e-1,
9.68522094274417e-1,
2.45955050335795e-1,
9.69281235356549e-1,
2.42980179903264e-1,
9.70031253194544e-1,
2.40003022448742e-1,
9.70772140728950e-1,
2.37023605994367e-1,
9.71503890986252e-1,
2.34041958583543e-1,
9.72226497078936e-1,
2.31058108280671e-1,
9.72939952205560e-1,
2.28072083170886e-1,
9.73644249650812e-1,
2.25083911359793e-1,
9.74339382785576e-1,
2.22093620973204e-1,
9.75025345066994e-1,
2.19101240156870e-1,
9.75702130038529e-1,
2.16106797076220e-1,
9.76369731330021e-1,
2.13110319916091e-1,
9.77028142657754e-1,
2.10111836880470e-1,
9.77677357824510e-1,
2.07111376192219e-1,
9.78317370719628e-1,
2.04108966092817e-1,
9.78948175319062e-1,
2.01104634842092e-1,
9.79569765685441e-1,
1.98098410717954e-1,
9.80182135968117e-1,
1.95090322016128e-1,
9.80785280403230e-1,
1.92080397049892e-1,
9.81379193313755e-1,
1.89068664149806e-1,
9.81963869109555e-1,
1.86055151663447e-1,
9.82539302287441e-1,
1.83039887955141e-1,
9.83105487431216e-1,
1.80022901405700e-1,
9.83662419211730e-1,
1.77004220412149e-1,
9.84210092386929e-1,
1.73983873387464e-1,
9.84748501801904e-1,
1.70961888760301e-1,
9.85277642388941e-1,
1.67938294974731e-1,
9.85797509167567e-1,
1.64913120489970e-1,
9.86308097244599e-1,
1.61886393780112e-1,
9.86809401814185e-1,
1.58858143333861e-1,
9.87301418157858e-1,
1.55828397654265e-1,
9.87784141644572e-1,
1.52797185258443e-1,
9.88257567730749e-1,
1.49764534677322e-1,
9.88721691960324e-1,
1.46730474455362e-1,
9.89176509964781e-1,
1.43695033150295e-1,
9.89622017463201e-1,
1.40658239332849e-1,
9.90058210262297e-1,
1.37620121586486e-1,
9.90485084256457e-1,
1.34580708507126e-1,
9.90902635427780e-1,
1.31540028702883e-1,
9.91310859846115e-1,
1.28498110793793e-1,
9.91709753669100e-1,
1.25454983411546e-1,
9.92099313142192e-1,
1.22410675199216e-1,
9.92479534598710e-1,
1.19365214810991e-1,
9.92850414459865e-1,
1.16318630911905e-1,
9.93211949234795e-1,
1.13270952177564e-1,
9.93564135520595e-1,
1.10222207293883e-1,
9.93906970002356e-1,
1.07172424956809e-1,
9.94240449453188e-1,
1.04121633872055e-1,
9.94564570734255e-1,
1.01069862754828e-1,
9.94879330794806e-1,
9.80171403295608e-2,
9.95184726672197e-1,
9.49634953296391e-2,
9.95480755491927e-1,
9.19089564971327e-2,
9.95767414467660e-1,
8.88535525825247e-2,
9.96044700901252e-1,
8.57973123444399e-2,
9.96312612182778e-1,
8.27402645493758e-2,
9.96571145790555e-1,
7.96824379714301e-2,
9.96820299291166e-1,
7.66238613920316e-2,
9.97060070339483e-1,
7.35645635996675e-2,
9.97290456678690e-1,
7.05045733896140e-2,
9.97511456140303e-1,
6.74439195636641e-2,
9.97723066644192e-1,
6.43826309298574e-2,
9.97925286198596e-1,
6.13207363022086e-2,
9.98118112900149e-1,
5.82582645004357e-2,
9.98301544933893e-1,
5.51952443496900e-2,
9.98475580573295e-1,
5.21317046802833e-2,
9.98640218180265e-1,
4.90676743274181e-2,
9.98795456205172e-1,
4.60031821309146e-2,
9.98941293186857e-1,
4.29382569349410e-2,
9.99077727752645e-1,
3.98729275877398e-2,
9.99204758618364e-1,
3.68072229413590e-2,
9.99322384588350e-1,
3.37411718513776e-2,
9.99430604555462e-1,
3.06748031766366e-2,
9.99529417501093e-1,
2.76081457789658e-2,
9.99618822495179e-1,
2.45412285229123e-2,
9.99698818696204e-1,
2.14740802754696e-2,
9.99769405351215e-1,
1.84067299058048e-2,
9.99830581795823e-1,
1.53392062849882e-2,
9.99882347454213e-1,
1.22715382857199e-2,
9.99924701839145e-1,
9.20375478205996e-3,
9.99957644551964e-1,
6.13588464915452e-3,
9.99981175282601e-1,
3.06795676296614e-3,
9.99995293809576e-1,
6.12303176911189e-017,
1.00000000000000e+0,
-3.06795676296602e-3,
9.99995293809576e-1,
-6.13588464915439e-3,
9.99981175282601e-1,
-9.20375478205984e-3,
9.99957644551964e-1,
-1.22715382857198e-2,
9.99924701839145e-1,
-1.53392062849881e-2,
9.99882347454213e-1,
-1.84067299058047e-2,
9.99830581795823e-1,
-2.14740802754695e-2,
9.99769405351215e-1,
-2.45412285229121e-2,
9.99698818696204e-1,
-2.76081457789657e-2,
9.99618822495179e-1,
-3.06748031766365e-2,
9.99529417501093e-1,
-3.37411718513775e-2,
9.99430604555462e-1,
-3.68072229413589e-2,
9.99322384588350e-1,
-3.98729275877397e-2,
9.99204758618364e-1,
-4.29382569349408e-2,
9.99077727752645e-1,
-4.60031821309145e-2,
9.98941293186857e-1,
-4.90676743274180e-2,
9.98795456205172e-1,
-5.21317046802832e-2,
9.98640218180265e-1,
-5.51952443496899e-2,
9.98475580573295e-1,
-5.82582645004356e-2,
9.98301544933893e-1,
-6.13207363022085e-2,
9.98118112900149e-1,
-6.43826309298573e-2,
9.97925286198596e-1,
-6.74439195636640e-2,
9.97723066644192e-1,
-7.05045733896139e-2,
9.97511456140303e-1,
-7.35645635996673e-2,
9.97290456678690e-1,
-7.66238613920315e-2,
9.97060070339483e-1,
-7.96824379714300e-2,
9.96820299291166e-1,
-8.27402645493757e-2,
9.96571145790555e-1,
-8.57973123444398e-2,
9.96312612182778e-1,
-8.88535525825246e-2,
9.96044700901252e-1,
-9.19089564971326e-2,
9.95767414467660e-1,
-9.49634953296390e-2,
9.95480755491927e-1,
-9.80171403295606e-2,
9.95184726672197e-1,
-1.01069862754828e-1,
9.94879330794806e-1,
-1.04121633872055e-1,
9.94564570734255e-1,
-1.07172424956809e-1,
9.94240449453188e-1,
-1.10222207293883e-1,
9.93906970002356e-1,
-1.13270952177564e-1,
9.93564135520595e-1,
-1.16318630911905e-1,
9.93211949234795e-1,
-1.19365214810991e-1,
9.92850414459865e-1,
-1.22410675199216e-1,
9.92479534598710e-1,
-1.25454983411546e-1,
9.92099313142192e-1,
-1.28498110793793e-1,
9.91709753669100e-1,
-1.31540028702883e-1,
9.91310859846115e-1,
-1.34580708507126e-1,
9.90902635427780e-1,
-1.37620121586486e-1,
9.90485084256457e-1,
-1.40658239332849e-1,
9.90058210262297e-1,
-1.43695033150294e-1,
9.89622017463201e-1,
-1.46730474455362e-1,
9.89176509964781e-1,
-1.49764534677322e-1,
9.88721691960324e-1,
-1.52797185258443e-1,
9.88257567730749e-1,
-1.55828397654265e-1,
9.87784141644572e-1,
-1.58858143333861e-1,
9.87301418157858e-1,
-1.61886393780112e-1,
9.86809401814186e-1,
-1.64913120489970e-1,
9.86308097244599e-1,
-1.67938294974731e-1,
9.85797509167567e-1,
-1.70961888760301e-1,
9.85277642388941e-1,
-1.73983873387464e-1,
9.84748501801904e-1,
-1.77004220412149e-1,
9.84210092386929e-1,
-1.80022901405699e-1,
9.83662419211730e-1,
-1.83039887955141e-1,
9.83105487431216e-1,
-1.86055151663446e-1,
9.82539302287441e-1,
-1.89068664149806e-1,
9.81963869109555e-1,
-1.92080397049892e-1,
9.81379193313755e-1,
-1.95090322016128e-1,
9.80785280403230e-1,
-1.98098410717954e-1,
9.80182135968117e-1,
-2.01104634842092e-1,
9.79569765685441e-1,
-2.04108966092817e-1,
9.78948175319062e-1,
-2.07111376192218e-1,
9.78317370719628e-1,
-2.10111836880470e-1,
9.77677357824510e-1,
-2.13110319916091e-1,
9.77028142657754e-1,
-2.16106797076219e-1,
9.76369731330021e-1,
-2.19101240156870e-1,
9.75702130038529e-1,
-2.22093620973203e-1,
9.75025345066994e-1,
-2.25083911359793e-1,
9.74339382785576e-1,
-2.28072083170886e-1,
9.73644249650812e-1,
-2.31058108280671e-1,
9.72939952205560e-1,
-2.34041958583543e-1,
9.72226497078936e-1,
-2.37023605994367e-1,
9.71503890986252e-1,
-2.40003022448741e-1,
9.70772140728950e-1,
-2.42980179903264e-1,
9.70031253194544e-1,
-2.45955050335794e-1,
9.69281235356549e-1,
-2.48927605745720e-1,
9.68522094274417e-1,
-2.51897818154217e-1,
9.67753837093476e-1,
-2.54865659604515e-1,
9.66976471044852e-1,
-2.57831102162159e-1,
9.66190003445413e-1,
-2.60794117915275e-1,
9.65394441697689e-1,
-2.63754678974831e-1,
9.64589793289813e-1,
-2.66712757474898e-1,
9.63776065795440e-1,
-2.69668325572915e-1,
9.62953266873684e-1,
-2.72621355449949e-1,
9.62121404269042e-1,
-2.75571819310958e-1,
9.61280485811321e-1,
-2.78519689385053e-1,
9.60430519415566e-1,
-2.81464937925758e-1,
9.59571513081985e-1,
-2.84407537211272e-1,
9.58703474895872e-1,
-2.87347459544729e-1,
9.57826413027533e-1,
-2.90284677254462e-1,
9.56940335732209e-1,
-2.93219162694259e-1,
9.56045251349997e-1,
-2.96150888243624e-1,
9.55141168305771e-1,
-2.99079826308040e-1,
9.54228095109106e-1,
-3.02005949319228e-1,
9.53306040354194e-1,
-3.04929229735402e-1,
9.52375012719766e-1,
-3.07849640041535e-1,
9.51435020969008e-1,
-3.10767152749611e-1,
9.50486073949482e-1,
-3.13681740398891e-1,
9.49528180593037e-1,
-3.16593375556166e-1,
9.48561349915730e-1,
-3.19502030816016e-1,
9.47585591017741e-1,
-3.22407678801070e-1,
9.46600913083284e-1,
-3.25310292162263e-1,
9.45607325380521e-1,
-3.28209843579093e-1,
9.44604837261480e-1,
-3.31106305759876e-1,
9.43593458161960e-1,
-3.33999651442009e-1,
9.42573197601447e-1,
-3.36889853392220e-1,
9.41544065183021e-1,
-3.39776884406827e-1,
9.40506070593268e-1,
-3.42660717311994e-1,
9.39459223602190e-1,
-3.45541324963989e-1,
9.38403534063108e-1,
-3.48418680249434e-1,
9.37339011912575e-1,
-3.51292756085567e-1,
9.36265667170278e-1,
-3.54163525420490e-1,
9.35183509938948e-1,
-3.57030961233430e-1,
9.34092550404259e-1,
-3.59895036534988e-1,
9.32992798834739e-1,
-3.62755724367397e-1,
9.31884265581668e-1,
-3.65612997804774e-1,
9.30766961078984e-1,
-3.68466829953372e-1,
9.29640895843181e-1,
-3.71317193951837e-1,
9.28506080473216e-1,
-3.74164062971458e-1,
9.27362525650401e-1,
-3.77007410216418e-1,
9.26210242138311e-1,
-3.79847208924051e-1,
9.25049240782678e-1,
-3.82683432365090e-1,
9.23879532511287e-1,
-3.85516053843919e-1,
9.22701128333879e-1,
-3.88345046698826e-1,
9.21514039342042e-1,
-3.91170384302254e-1,
9.20318276709111e-1,
-3.93992040061048e-1,
9.19113851690058e-1,
-3.96809987416710e-1,
9.17900775621391e-1,
-3.99624199845647e-1,
9.16679059921043e-1,
-4.02434650859418e-1,
9.15448716088268e-1,
-4.05241314004990e-1,
9.14209755703531e-1,
-4.08044162864979e-1,
9.12962190428398e-1,
-4.10843171057904e-1,
9.11706032005430e-1,
-4.13638312238434e-1,
9.10441292258067e-1,
-4.16429560097637e-1,
9.09167983090522e-1,
-4.19216888363224e-1,
9.07886116487666e-1,
-4.22000270799800e-1,
9.06595704514915e-1,
-4.24779681209109e-1,
9.05296759318119e-1,
-4.27555093430282e-1,
9.03989293123443e-1,
-4.30326481340083e-1,
9.02673318237259e-1,
-4.33093818853152e-1,
9.01348847046022e-1,
-4.35857079922255e-1,
9.00015892016160e-1,
-4.38616238538527e-1,
8.98674465693954e-1,
-4.41371268731717e-1,
8.97324580705418e-1,
-4.44122144570429e-1,
8.95966249756185e-1,
-4.46868840162374e-1,
8.94599485631383e-1,
-4.49611329654607e-1,
8.93224301195515e-1,
-4.52349587233771e-1,
8.91840709392343e-1,
-4.55083587126344e-1,
8.90448723244758e-1,
-4.57813303598877e-1,
8.89048355854665e-1,
-4.60538710958240e-1,
8.87639620402854e-1,
-4.63259783551860e-1,
8.86222530148881e-1,
-4.65976495767966e-1,
8.84797098430938e-1,
-4.68688822035828e-1,
8.83363338665732e-1,
-4.71396736825998e-1,
8.81921264348355e-1,
-4.74100214650550e-1,
8.80470889052161e-1,
-4.76799230063322e-1,
8.79012226428634e-1,
-4.79493757660153e-1,
8.77545290207261e-1,
-4.82183772079123e-1,
8.76070094195407e-1,
-4.84869248000791e-1,
8.74586652278176e-1,
-4.87550160148436e-1,
8.73094978418290e-1,
-4.90226483288291e-1,
8.71595086655951e-1,
-4.92898192229784e-1,
8.70086991108711e-1,
-4.95565261825772e-1,
8.68570705971341e-1,
-4.98227666972782e-1,
8.67046245515693e-1,
-5.00885382611241e-1,
8.65513624090569e-1,
-5.03538383725717e-1,
8.63972856121587e-1,
-5.06186645345155e-1,
8.62423956111041e-1,
-5.08830142543107e-1,
8.60866938637767e-1,
-5.11468850437970e-1,
8.59301818357008e-1,
-5.14102744193222e-1,
8.57728610000272e-1,
-5.16731799017650e-1,
8.56147328375195e-1,
-5.19355990165590e-1,
8.54557988365401e-1,
-5.21975292937154e-1,
8.52960604930364e-1,
-5.24589682678469e-1,
8.51355193105265e-1,
-5.27199134781901e-1,
8.49741768000853e-1,
-5.29803624686295e-1,
8.48120344803297e-1,
-5.32403127877198e-1,
8.46490938774052e-1,
-5.34997619887097e-1,
8.44853565249707e-1,
-5.37587076295646e-1,
8.43208239641845e-1,
-5.40171472729893e-1,
8.41554977436898e-1,
-5.42750784864516e-1,
8.39893794196000e-1,
-5.45324988422046e-1,
8.38224705554838e-1,
-5.47894059173100e-1,
8.36547727223512e-1,
-5.50457972936605e-1,
8.34862874986380e-1,
-5.53016705580027e-1,
8.33170164701913e-1,
-5.55570233019602e-1,
8.31469612302545e-1,
-5.58118531220556e-1,
8.29761233794523e-1,
-5.60661576197336e-1,
8.28045045257756e-1,
-5.63199344013834e-1,
8.26321062845664e-1,
-5.65731810783613e-1,
8.24589302785025e-1,
-5.68258952670131e-1,
8.22849781375826e-1,
-5.70780745886967e-1,
8.21102514991105e-1,
-5.73297166698042e-1,
8.19347520076797e-1,
-5.75808191417845e-1,
8.17584813151584e-1,
-5.78313796411655e-1,
8.15814410806734e-1,
-5.80813958095764e-1,
8.14036329705949e-1,
-5.83308652937698e-1,
8.12250586585204e-1,
-5.85797857456439e-1,
8.10457198252595e-1,
-5.88281548222645e-1,
8.08656181588175e-1,
-5.90759701858874e-1,
8.06847553543799e-1,
-5.93232295039800e-1,
8.05031331142964e-1,
-5.95699304492433e-1,
8.03207531480645e-1,
-5.98160706996342e-1,
8.01376171723140e-1,
-6.00616479383869e-1,
7.99537269107905e-1,
-6.03066598540348e-1,
7.97690840943391e-1,
-6.05511041404325e-1,
7.95836904608884e-1,
-6.07949784967774e-1,
7.93975477554337e-1,
-6.10382806276310e-1,
7.92106577300212e-1,
-6.12810082429410e-1,
7.90230221437310e-1,
-6.15231590580627e-1,
7.88346427626606e-1,
-6.17647307937804e-1,
7.86455213599086e-1,
-6.20057211763289e-1,
7.84556597155575e-1,
-6.22461279374150e-1,
7.82650596166576e-1,
-6.24859488142386e-1,
7.80737228572095e-1,
-6.27251815495144e-1,
7.78816512381476e-1,
-6.29638238914927e-1,
7.76888465673232e-1,
-6.32018735939809e-1,
7.74953106594874e-1,
-6.34393284163645e-1,
7.73010453362737e-1,
-6.36761861236284e-1,
7.71060524261814e-1,
-6.39124444863776e-1,
7.69103337645580e-1,
-6.41481012808583e-1,
7.67138911935821e-1,
-6.43831542889791e-1,
7.65167265622459e-1,
-6.46176012983316e-1,
7.63188417263381e-1,
-6.48514401022112e-1,
7.61202385484262e-1,
-6.50846684996381e-1,
7.59209188978388e-1,
-6.53172842953777e-1,
7.57208846506485e-1,
-6.55492852999615e-1,
7.55201376896537e-1,
-6.57806693297079e-1,
7.53186799043613e-1,
-6.60114342067420e-1,
7.51165131909687e-1,
-6.62415777590172e-1,
7.49136394523459e-1,
-6.64710978203345e-1,
7.47100605980180e-1,
-6.66999922303637e-1,
7.45057785441466e-1,
-6.69282588346636e-1,
7.43007952135122e-1,
-6.71558954847018e-1,
7.40951125354959e-1,
-6.73829000378756e-1,
7.38887324460615e-1,
-6.76092703575316e-1,
7.36816568877370e-1,
-6.78350043129861e-1,
7.34738878095964e-1,
-6.80600997795453e-1,
7.32654271672413e-1,
-6.82845546385248e-1,
7.30562769227828e-1,
-6.85083667772700e-1,
7.28464390448225e-1,
-6.87315340891759e-1,
7.26359155084346e-1,
-6.89540544737067e-1,
7.24247082951467e-1,
-6.91759258364158e-1,
7.22128193929215e-1,
-6.93971460889654e-1,
7.20002507961382e-1,
-6.96177131491463e-1,
7.17870045055732e-1,
-6.98376249408973e-1,
7.15730825283819e-1,
-7.00568793943248e-1,
7.13584868780794e-1,
-7.02754744457225e-1,
7.11432195745217e-1,
-7.04934080375905e-1,
7.09272826438866e-1,
-7.07106781186547e-1,
7.07106781186548e-1,
-7.09272826438865e-1,
7.04934080375905e-1,
-7.11432195745217e-1,
7.02754744457225e-1,
-7.13584868780794e-1,
7.00568793943248e-1,
-7.15730825283819e-1,
6.98376249408973e-1,
-7.17870045055732e-1,
6.96177131491463e-1,
-7.20002507961382e-1,
6.93971460889654e-1,
-7.22128193929215e-1,
6.91759258364158e-1,
-7.24247082951467e-1,
6.89540544737067e-1,
-7.26359155084346e-1,
6.87315340891759e-1,
-7.28464390448225e-1,
6.85083667772700e-1,
-7.30562769227827e-1,
6.82845546385248e-1,
-7.32654271672413e-1,
6.80600997795453e-1,
-7.34738878095964e-1,
6.78350043129861e-1,
-7.36816568877370e-1,
6.76092703575316e-1,
-7.38887324460615e-1,
6.73829000378756e-1,
-7.40951125354959e-1,
6.71558954847019e-1,
-7.43007952135122e-1,
6.69282588346636e-1,
-7.45057785441466e-1,
6.66999922303638e-1,
-7.47100605980180e-1,
6.64710978203345e-1,
-7.49136394523459e-1,
6.62415777590172e-1,
-7.51165131909686e-1,
6.60114342067420e-1,
-7.53186799043612e-1,
6.57806693297079e-1,
-7.55201376896536e-1,
6.55492852999616e-1,
-7.57208846506485e-1,
6.53172842953777e-1,
-7.59209188978388e-1,
6.50846684996381e-1,
-7.61202385484262e-1,
6.48514401022113e-1,
-7.63188417263381e-1,
6.46176012983317e-1,
-7.65167265622459e-1,
6.43831542889791e-1,
-7.67138911935820e-1,
6.41481012808583e-1,
-7.69103337645579e-1,
6.39124444863776e-1,
-7.71060524261814e-1,
6.36761861236284e-1,
-7.73010453362737e-1,
6.34393284163645e-1,
-7.74953106594874e-1,
6.32018735939809e-1,
-7.76888465673232e-1,
6.29638238914927e-1,
-7.78816512381476e-1,
6.27251815495144e-1,
-7.80737228572094e-1,
6.24859488142386e-1,
-7.82650596166576e-1,
6.22461279374150e-1,
-7.84556597155575e-1,
6.20057211763289e-1,
-7.86455213599086e-1,
6.17647307937804e-1,
-7.88346427626606e-1,
6.15231590580627e-1,
-7.90230221437310e-1,
6.12810082429410e-1,
-7.92106577300212e-1,
6.10382806276310e-1,
-7.93975477554337e-1,
6.07949784967774e-1,
-7.95836904608883e-1,
6.05511041404326e-1,
-7.97690840943391e-1,
6.03066598540348e-1,
-7.99537269107905e-1,
6.00616479383869e-1,
-8.01376171723140e-1,
5.98160706996342e-1,
-8.03207531480645e-1,
5.95699304492433e-1,
-8.05031331142963e-1,
5.93232295039800e-1,
-8.06847553543799e-1,
5.90759701858874e-1,
-8.08656181588175e-1,
5.88281548222645e-1,
-8.10457198252595e-1,
5.85797857456439e-1,
-8.12250586585204e-1,
5.83308652937699e-1,
-8.14036329705948e-1,
5.80813958095765e-1,
-8.15814410806734e-1,
5.78313796411656e-1,
-8.17584813151584e-1,
5.75808191417845e-1,
-8.19347520076797e-1,
5.73297166698042e-1,
-8.21102514991105e-1,
5.70780745886967e-1,
-8.22849781375826e-1,
5.68258952670132e-1,
-8.24589302785025e-1,
5.65731810783613e-1,
-8.26321062845664e-1,
5.63199344013834e-1,
-8.28045045257756e-1,
5.60661576197336e-1,
-8.29761233794523e-1,
5.58118531220556e-1,
-8.31469612302545e-1,
5.55570233019602e-1,
-8.33170164701913e-1,
5.53016705580028e-1,
-8.34862874986380e-1,
5.50457972936605e-1,
-8.36547727223512e-1,
5.47894059173100e-1,
-8.38224705554838e-1,
5.45324988422046e-1,
-8.39893794196000e-1,
5.42750784864516e-1,
-8.41554977436898e-1,
5.40171472729893e-1,
-8.43208239641845e-1,
5.37587076295646e-1,
-8.44853565249707e-1,
5.34997619887097e-1,
-8.46490938774052e-1,
5.32403127877198e-1,
-8.48120344803297e-1,
5.29803624686295e-1,
-8.49741768000853e-1,
5.27199134781901e-1,
-8.51355193105265e-1,
5.24589682678469e-1,
-8.52960604930364e-1,
5.21975292937155e-1,
-8.54557988365400e-1,
5.19355990165590e-1,
-8.56147328375194e-1,
5.16731799017650e-1,
-8.57728610000272e-1,
5.14102744193222e-1,
-8.59301818357008e-1,
5.11468850437971e-1,
-8.60866938637767e-1,
5.08830142543107e-1,
-8.62423956111041e-1,
5.06186645345155e-1,
-8.63972856121587e-1,
5.03538383725718e-1,
-8.65513624090569e-1,
5.00885382611241e-1,
-8.67046245515693e-1,
4.98227666972782e-1,
-8.68570705971341e-1,
4.95565261825773e-1,
-8.70086991108711e-1,
4.92898192229784e-1,
-8.71595086655951e-1,
4.90226483288291e-1,
-8.73094978418290e-1,
4.87550160148436e-1,
-8.74586652278176e-1,
4.84869248000791e-1,
-8.76070094195406e-1,
4.82183772079123e-1,
-8.77545290207261e-1,
4.79493757660153e-1,
-8.79012226428634e-1,
4.76799230063322e-1,
-8.80470889052161e-1,
4.74100214650550e-1,
-8.81921264348355e-1,
4.71396736825998e-1,
-8.83363338665732e-1,
4.68688822035828e-1,
-8.84797098430938e-1,
4.65976495767966e-1,
-8.86222530148881e-1,
4.63259783551860e-1,
-8.87639620402854e-1,
4.60538710958240e-1,
-8.89048355854665e-1,
4.57813303598877e-1,
-8.90448723244758e-1,
4.55083587126344e-1,
-8.91840709392343e-1,
4.52349587233771e-1,
-8.93224301195515e-1,
4.49611329654607e-1,
-8.94599485631383e-1,
4.46868840162374e-1,
-8.95966249756185e-1,
4.44122144570429e-1,
-8.97324580705418e-1,
4.41371268731717e-1,
-8.98674465693954e-1,
4.38616238538528e-1,
-9.00015892016160e-1,
4.35857079922256e-1,
-9.01348847046022e-1,
4.33093818853152e-1,
-9.02673318237259e-1,
4.30326481340083e-1,
-9.03989293123443e-1,
4.27555093430282e-1,
-9.05296759318119e-1,
4.24779681209109e-1,
-9.06595704514915e-1,
4.22000270799800e-1,
-9.07886116487666e-1,
4.19216888363224e-1,
-9.09167983090522e-1,
4.16429560097637e-1,
-9.10441292258067e-1,
4.13638312238435e-1,
-9.11706032005430e-1,
4.10843171057904e-1,
-9.12962190428398e-1,
4.08044162864979e-1,
-9.14209755703531e-1,
4.05241314004990e-1,
-9.15448716088268e-1,
4.02434650859419e-1,
-9.16679059921043e-1,
3.99624199845647e-1,
-9.17900775621391e-1,
3.96809987416710e-1,
-9.19113851690058e-1,
3.93992040061048e-1,
-9.20318276709110e-1,
3.91170384302254e-1,
-9.21514039342042e-1,
3.88345046698827e-1,
-9.22701128333879e-1,
3.85516053843919e-1,
-9.23879532511287e-1,
3.82683432365090e-1,
-9.25049240782677e-1,
3.79847208924051e-1,
-9.26210242138311e-1,
3.77007410216418e-1,
-9.27362525650401e-1,
3.74164062971458e-1,
-9.28506080473215e-1,
3.71317193951838e-1,
-9.29640895843181e-1,
3.68466829953373e-1,
-9.30766961078984e-1,
3.65612997804774e-1,
-9.31884265581668e-1,
3.62755724367397e-1,
-9.32992798834739e-1,
3.59895036534988e-1,
-9.34092550404259e-1,
3.57030961233430e-1,
-9.35183509938948e-1,
3.54163525420490e-1,
-9.36265667170278e-1,
3.51292756085567e-1,
-9.37339011912575e-1,
3.48418680249435e-1,
-9.38403534063108e-1,
3.45541324963989e-1,
-9.39459223602190e-1,
3.42660717311994e-1,
-9.40506070593268e-1,
3.39776884406827e-1,
-9.41544065183021e-1,
3.36889853392220e-1,
-9.42573197601447e-1,
3.33999651442009e-1,
-9.43593458161960e-1,
3.31106305759876e-1,
-9.44604837261480e-1,
3.28209843579093e-1,
-9.45607325380521e-1,
3.25310292162263e-1,
-9.46600913083284e-1,
3.22407678801070e-1,
-9.47585591017741e-1,
3.19502030816016e-1,
-9.48561349915730e-1,
3.16593375556166e-1,
-9.49528180593037e-1,
3.13681740398891e-1,
-9.50486073949482e-1,
3.10767152749612e-1,
-9.51435020969008e-1,
3.07849640041535e-1,
-9.52375012719766e-1,
3.04929229735403e-1,
-9.53306040354194e-1,
3.02005949319228e-1,
-9.54228095109106e-1,
2.99079826308041e-1,
-9.55141168305771e-1,
2.96150888243624e-1,
-9.56045251349996e-1,
2.93219162694259e-1,
-9.56940335732209e-1,
2.90284677254462e-1,
-9.57826413027533e-1,
2.87347459544730e-1,
-9.58703474895871e-1,
2.84407537211272e-1,
-9.59571513081985e-1,
2.81464937925758e-1,
-9.60430519415566e-1,
2.78519689385053e-1,
-9.61280485811321e-1,
2.75571819310958e-1,
-9.62121404269041e-1,
2.72621355449949e-1,
-9.62953266873684e-1,
2.69668325572915e-1,
-9.63776065795440e-1,
2.66712757474898e-1,
-9.64589793289813e-1,
2.63754678974832e-1,
-9.65394441697689e-1,
2.60794117915276e-1,
-9.66190003445413e-1,
2.57831102162159e-1,
-9.66976471044852e-1,
2.54865659604515e-1,
-9.67753837093475e-1,
2.51897818154217e-1,
-9.68522094274417e-1,
2.48927605745720e-1,
-9.69281235356548e-1,
2.45955050335795e-1,
-9.70031253194544e-1,
2.42980179903264e-1,
-9.70772140728950e-1,
2.40003022448742e-1,
-9.71503890986252e-1,
2.37023605994367e-1,
-9.72226497078936e-1,
2.34041958583544e-1,
-9.72939952205560e-1,
2.31058108280671e-1,
-9.73644249650812e-1,
2.28072083170886e-1,
-9.74339382785576e-1,
2.25083911359793e-1,
-9.75025345066994e-1,
2.22093620973204e-1,
-9.75702130038528e-1,
2.19101240156870e-1,
-9.76369731330021e-1,
2.16106797076219e-1,
-9.77028142657754e-1,
2.13110319916091e-1,
-9.77677357824510e-1,
2.10111836880470e-1,
-9.78317370719628e-1,
2.07111376192219e-1,
-9.78948175319062e-1,
2.04108966092817e-1,
-9.79569765685441e-1,
2.01104634842092e-1,
-9.80182135968117e-1,
1.98098410717954e-1,
-9.80785280403230e-1,
1.95090322016129e-1,
-9.81379193313755e-1,
1.92080397049892e-1,
-9.81963869109555e-1,
1.89068664149806e-1,
-9.82539302287441e-1,
1.86055151663447e-1,
-9.83105487431216e-1,
1.83039887955141e-1,
-9.83662419211730e-1,
1.80022901405700e-1,
-9.84210092386929e-1,
1.77004220412149e-1,
-9.84748501801904e-1,
1.73983873387464e-1,
-9.85277642388941e-1,
1.70961888760301e-1,
-9.85797509167567e-1,
1.67938294974731e-1,
-9.86308097244599e-1,
1.64913120489970e-1,
-9.86809401814186e-1,
1.61886393780112e-1,
-9.87301418157858e-1,
1.58858143333861e-1,
-9.87784141644572e-1,
1.55828397654265e-1,
-9.88257567730749e-1,
1.52797185258444e-1,
-9.88721691960324e-1,
1.49764534677321e-1,
-9.89176509964781e-1,
1.46730474455362e-1,
-9.89622017463201e-1,
1.43695033150295e-1,
-9.90058210262297e-1,
1.40658239332850e-1,
-9.90485084256457e-1,
1.37620121586486e-1,
-9.90902635427780e-1,
1.34580708507126e-1,
-9.91310859846115e-1,
1.31540028702883e-1,
-9.91709753669100e-1,
1.28498110793793e-1,
-9.92099313142192e-1,
1.25454983411546e-1,
-9.92479534598710e-1,
1.22410675199216e-1,
-9.92850414459865e-1,
1.19365214810992e-1,
-9.93211949234795e-1,
1.16318630911905e-1,
-9.93564135520595e-1,
1.13270952177564e-1,
-9.93906970002356e-1,
1.10222207293883e-1,
-9.94240449453188e-1,
1.07172424956809e-1,
-9.94564570734255e-1,
1.04121633872055e-1,
-9.94879330794806e-1,
1.01069862754828e-1,
-9.95184726672197e-1,
9.80171403295608e-2,
-9.95480755491927e-1,
9.49634953296389e-2,
-9.95767414467660e-1,
9.19089564971328e-2,
-9.96044700901252e-1,
8.88535525825248e-2,
-9.96312612182778e-1,
8.57973123444402e-2,
-9.96571145790555e-1,
8.27402645493756e-2,
-9.96820299291166e-1,
7.96824379714302e-2,
-9.97060070339483e-1,
7.66238613920317e-2,
-9.97290456678690e-1,
7.35645635996677e-2,
-9.97511456140303e-1,
7.05045733896139e-2,
-9.97723066644192e-1,
6.74439195636642e-2,
-9.97925286198596e-1,
6.43826309298577e-2,
-9.98118112900149e-1,
6.13207363022085e-2,
-9.98301544933893e-1,
5.82582645004358e-2,
-9.98475580573295e-1,
5.51952443496901e-2,
-9.98640218180265e-1,
5.21317046802836e-2,
-9.98795456205172e-1,
4.90676743274180e-2,
-9.98941293186857e-1,
4.60031821309147e-2,
-9.99077727752645e-1,
4.29382569349410e-2,
-9.99204758618364e-1,
3.98729275877401e-2,
-9.99322384588350e-1,
3.68072229413588e-2,
-9.99430604555462e-1,
3.37411718513777e-2,
-9.99529417501093e-1,
3.06748031766369e-2,
-9.99618822495179e-1,
2.76081457789657e-2,
-9.99698818696204e-1,
2.45412285229123e-2,
-9.99769405351215e-1,
2.14740802754697e-2,
-9.99830581795823e-1,
1.84067299058051e-2,
-9.99882347454213e-1,
1.53392062849881e-2,
-9.99924701839145e-1,
1.22715382857200e-2,
-9.99957644551964e-1,
9.20375478206002e-3,
-9.99981175282601e-1,
6.13588464915480e-3,
-9.99995293809576e-1,
3.06795676296598e-3
