  2.7963742432286749e-015,
  2.7963742432286749e-015,
  2.1524448889566623e-014,
  2.1524448889566623e-014,
 -1.0414200968432045e-013,
 -1.0414200968432045e-013,
  2.0432544544865719e-012,
  2.0432544544865719e-012,
  6.8425265452573571e-012,
  6.8425265452573571e-012,
  1.0000000000000000e+000,
  1.0000000000000000e+000,
  6.8425265452573571e-012,
  6.8425265452573571e-012,
  2.0432544544865719e-012,
  2.0432544544865719e-012,
 -1.0414200968432045e-013,
 -1.0414200968432045e-013,
  2.1524448889566623e-014,
  2.1524448889566623e-014,
  2.7963742432286749e-015,
  2.7963742432286749e-015,
