 -6.2443668699644175e-004,
 -6.2443668699644175e-004,
  5.5941542431062327e-003,
  5.5941542431062327e-003,
 -2.2290633885716768e-002,
 -2.2290633885716768e-002,
  6.4413900570768540e-002,
  6.4413900570768540e-002,
 -1.6725302470515002e-001,
 -1.6725302470515002e-001,
  6.2022910818397059e-001,
  6.2022910818397059e-001,
  6.2022910818397059e-001,
  6.2022910818397059e-001,
 -1.6725302470515002e-001,
 -1.6725302470515002e-001,
  6.4413900570768540e-002,
  6.4413900570768540e-002,
 -2.2290633885716768e-002,
 -2.2290633885716768e-002,
  5.5941542431062327e-003,
  5.5941542431062327e-003,
