1.4215403954577033e-004,
1.4215403954577033e-004,
8.3290935479718507e-004,
8.3290935479718507e-004,
2.6127448184772618e-003,
2.6127448184772618e-003,
6.3629344011057968e-003,
6.3629344011057968e-003,
1.2943535786790375e-002,
1.2943535786790375e-002,
2.3026037941558483e-002,
2.3026037941558483e-002,
3.6698005273783710e-002,
3.6698005273783710e-002,
5.3229229513927112e-002,
5.3229229513927112e-002,
7.0986506789466483e-002,
7.0986506789466483e-002,
8.7643252691994786e-002,
8.7643252691994786e-002,
1.0063534452305697e-001,
1.0063534452305697e-001,
1.0776554444030695e-001,
1.0776554444030695e-001,
1.0776554444030695e-001,
1.0776554444030695e-001,
1.0063534452305697e-001,
1.0063534452305697e-001,
8.7643252691994786e-002,
8.7643252691994786e-002,
7.0986506789466483e-002,
7.0986506789466483e-002,
5.3229229513927112e-002,
5.3229229513927112e-002,
3.6698005273783710e-002,
3.6698005273783710e-002,
2.3026037941558483e-002,
2.3026037941558483e-002,
1.2943535786790375e-002,
1.2943535786790375e-002,
6.3629344011057968e-003,
6.3629344011057968e-003,
2.6127448184772618e-003,
2.6127448184772618e-003,
8.3290935479718507e-004,
8.3290935479718507e-004,
1.4215403954577033e-004,
1.4215403954577033e-004

