  2.5575437206823361e-003,
  2.5575437206823361e-003,
 -1.1611811532695146e-002,
 -1.1611811532695146e-002,
  3.5574639300738217e-002,
  3.5574639300738217e-002,
 -9.2843171942675010e-002,
 -9.2843171942675010e-002,
  2.8296433320235642e-001,
  2.8296433320235642e-001,
  8.9447208793840349e-001,
  8.9447208793840349e-001,
 -1.5274919316693825e-001,
 -1.5274919316693825e-001,
  5.7895994884432631e-002,
  5.7895994884432631e-002,
 -2.0987830909247069e-002,
 -2.0987830909247069e-002,
  5.8506368304068381e-003,
  5.8506368304068381e-003,
 -8.6376599082725895e-004,
 -8.6376599082725895e-004
