2.1522638595060641e-006,
2.1522638595060641e-006,
6.7491644897344546e-005,
6.7491644897344546e-005,
4.5095529785316261e-004,
4.5095529785316261e-004,
1.8156742827742816e-003,
1.8156742827742816e-003,
5.3991843411619663e-003,
5.3991843411619663e-003,
1.2916278603742243e-002,
1.2916278603742243e-002,
2.6016486469808777e-002,
2.6016486469808777e-002,
4.5346348296408233e-002,
4.5346348296408233e-002,
6.9603376755455748e-002,
6.9603376755455748e-002,
9.5175368603924296e-002,
9.5175368603924296e-002,
1.1681270987525096e-001,
1.1681270987525096e-001,
1.2927217313967448e-001,
1.2927217313967448e-001,
1.2927217313967448e-001,
1.2927217313967448e-001,
1.1681270987525096e-001,
1.1681270987525096e-001,
9.5175368603924296e-002,
9.5175368603924296e-002,
6.9603376755455748e-002,
6.9603376755455748e-002,
4.5346348296408233e-002,
4.5346348296408233e-002,
2.6016486469808777e-002,
2.6016486469808777e-002,
1.2916278603742243e-002,
1.2916278603742243e-002,
5.3991843411619663e-003,
5.3991843411619663e-003,
1.8156742827742816e-003,
1.8156742827742816e-003,
4.5095529785316261e-004,
4.5095529785316261e-004,
6.7491644897344546e-005,
6.7491644897344546e-005,
2.1522638595060641e-006,
2.1522638595060641e-006
